Terminal: BA01     500  PARANATINGA
Tensão base: 500 kV
SOC inicial: 1643124120
SOC final: 1643124179
Taxa: 1 fasores/s
Total de frames faltantes: - 

Tempo_(SOC)           VB_mod_(V)     VB_ang_(graus)     Frequência        Delta_Freq     Faltante
1643124120.0000    309635.700000      -156.010700        59.975430        -0.016937
1643124121.0000    309705.100000      -165.125500        59.975860         0.016708
1643124122.0000    309677.300000      -174.510800        59.973630         0.022430
1643124123.0000    309739.700000       175.421300        59.972210         0.012589
1643124124.0000    309636.200000       165.208200        59.970810        -0.006409
1643124125.0000    309574.400000       154.540100        59.968100         0.007324
1643124126.0000    309603.400000       143.390100        59.969600         0.018082
1643124127.0000    309636.700000       131.687200        59.968190        -0.007095
1643124128.0000    309720.300000       120.440900        59.969550         0.021286
1643124129.0000    309701.700000       109.051100        59.966930         0.032959
1643124130.0000    309605.200000        97.683720        59.967650         0.014648
1643124131.0000    309572.300000        86.193080        59.968380         0.024261
1643124132.0000    309686.300000        73.890380        59.964740         0.000916
1643124133.0000    309709.300000        60.917260        59.963950         0.016251
1643124134.0000    309607.900000        47.356490        59.961640        -0.014420
1643124135.0000    309683.200000        33.050530        59.958210        -0.047836
1643124136.0000    309693.500000        18.565290        59.961110         0.055389
1643124137.0000    309705.100000         4.556079        59.962180         0.013275
1643124138.0000    309693.100000        -8.791998        59.963460         0.092926
1643124139.0000    309754.800000       -21.587460        59.964920         0.019455
1643124140.0000    309738.900000       -34.149380        59.964820        -0.013046
1643124141.0000    309631.300000       -46.156310        59.965810        -0.032272
1643124142.0000    309691.100000       -57.924240        59.967150        -0.021744
1643124143.0000    309672.600000       -69.115640        59.970570         0.023575
1643124144.0000    309667.100000       -79.663350        59.970190        -0.091782
1643124145.0000    309653.300000       -89.662570        59.971130        -0.064774
1643124146.0000    309659.000000       -99.307510        59.973230         0.003891
1643124147.0000    309662.100000      -108.869300        59.972480         0.050125
1643124148.0000    309718.400000      -118.361300        59.975580         0.073471
1643124149.0000    309729.700000      -127.413500        59.974930        -0.019913
1643124150.0000    309724.600000      -135.922900        59.977600         0.010071
1643124151.0000    309762.300000      -143.428600        59.979200         0.024033
1643124152.0000    309712.100000      -150.356900        59.981940        -0.006866
1643124153.0000    309639.100000      -156.753600        59.982200         0.011902
1643124154.0000    309743.500000      -162.744600        59.987000         0.010300
1643124155.0000    309750.100000      -167.772600        59.988450         0.074615
1643124156.0000    309706.400000      -172.076100        59.988990        -0.018311
1643124157.0000    309643.900000      -175.842200        59.986400        -0.077591
1643124158.0000    309785.300000      -179.382600        59.992180        -0.005722
1643124159.0000    309750.600000       178.220600        59.993540         0.008240
1643124160.0000    309741.600000       176.472100        59.995540        -0.005493
1643124161.0000    309681.700000       175.520900        59.995520        -0.057678
1643124162.0000    309725.000000       175.012800        59.998190         0.022659
1643124163.0000    309680.500000       175.025600        60.000910        -0.016708
1643124164.0000    309769.200000       174.931300        60.000990         0.022888
1643124165.0000    309705.500000       174.888900        60.000740         0.075989
1643124166.0000    309654.900000       174.595800        59.998440        -0.012131
1643124167.0000    309663.100000       173.642600        59.994620        -0.024261
1643124168.0000    309671.800000       172.262800        59.995910         0.027466
1643124169.0000    309689.100000       170.373300        59.992910         0.014877
1643124170.0000    309721.300000       167.808600        59.991810        -0.056534
1643124171.0000    309683.900000       164.679300        59.988920        -0.050583
1643124172.0000    309745.800000       160.754300        59.988640         0.012817
1643124173.0000    309760.100000       160.235700        59.988750         0.073700          *
1643124174.0000    309760.100000       160.235700        59.988750         0.073700          *
1643124175.0000    309760.100000       160.235700        59.988750         0.073700          *
1643124176.0000    309760.100000       160.235700        59.988750         0.073700          *
1643124177.0000    309760.100000       160.235700        59.988750         0.073700          *
1643124178.0000    309760.100000       160.235700        59.988750         0.073700          *
1643124179.0000    309760.100000       160.235700        59.988750         0.073700          *
