Terminal: BA1      440  ALTA PAULISTA
Tensão base: 440 kV
SOC inicial: 1643124120
SOC final: 1643124179
Taxa: 1 fasores/s
Total de frames faltantes: - 

Tempo_(SOC)           VB_mod_(V)     VB_ang_(graus)     Frequência        Delta_Freq     Faltante
1643124120.0000    259041.000000       150.131600        59.974820         0.000943
1643124121.0000    259044.500000       141.031800        59.974690        -0.038340
1643124122.0000    258978.500000       131.590400        59.973090        -0.025279
1643124123.0000    259080.000000       121.580800        59.972760        -0.011618
1643124124.0000    259072.600000       111.394700        59.971820         0.017360
1643124125.0000    259016.100000       100.672900        59.969850         0.003456
1643124126.0000    259027.400000        89.473920        59.968650         0.003322
1643124127.0000    259042.300000        77.871990        59.968180        -0.007757
1643124128.0000    259048.400000        66.650240        59.969150        -0.072698
1643124129.0000    259089.700000        55.169210        59.969130         0.050679
1643124130.0000    259139.800000        43.791360        59.970280        -0.037537
1643124131.0000    258965.100000        32.218080        59.965790        -0.074916
1643124132.0000    258997.700000        19.912220        59.965350         0.006622
1643124133.0000    259029.600000         6.966335        59.963660         0.015553
1643124134.0000    258969.200000        -6.565639        59.961100         0.024396
1643124135.0000    259015.200000       -20.872120        59.960100         0.018542
1643124136.0000    259024.300000       -35.338220        59.960910        -0.053921
1643124137.0000    259056.500000       -49.402960        59.962180         0.001732
1643124138.0000    259107.700000       -62.817030        59.964120        -0.020281
1643124139.0000    259088.500000       -75.570450        59.965680         0.024915
1643124140.0000    259071.300000       -88.160940        59.966510        -0.005184
1643124141.0000    259042.100000      -100.178700        59.967460         0.051771
1643124142.0000    259052.000000      -111.932900        59.968450         0.013580
1643124143.0000    259089.500000      -123.101000        59.970310        -0.003066
1643124144.0000    259051.400000      -133.601300        59.971830         0.044709
1643124145.0000    259010.700000      -143.703600        59.972960         0.037221
1643124146.0000    258958.200000      -153.378400        59.973750         0.094243
1643124147.0000    259042.300000      -162.937400        59.973910        -0.008706
1643124148.0000    258993.000000      -172.370900        59.975400        -0.011680
1643124149.0000    259016.400000       178.596400        59.975650         0.008813
1643124150.0000    259081.700000       170.091200        59.977860         0.016928
1643124151.0000    259101.000000       162.580400        59.980420         0.016781
1643124152.0000    259083.700000       155.586200        59.981990        -0.005834
1643124153.0000    259059.600000       149.184500        59.982850         0.004687
1643124154.0000    259062.800000       143.265500        59.984810        -0.002667
1643124155.0000    259077.200000       138.205900        59.987370        -0.007447
1643124156.0000    259094.500000       133.992400        59.989200         0.006653
1643124157.0000    259074.400000       130.093900        59.990230         0.013864
1643124158.0000    259082.700000       126.651100        59.992500        -0.026188
1643124159.0000    259106.800000       124.283700        59.994840         0.017635
1643124160.0000    259104.100000       122.490300        59.996650         0.032152
1643124161.0000    259042.500000       121.603900        59.998250        -0.001661
1643124162.0000    259044.700000       121.044200        59.999290        -0.022877
1643124163.0000    258981.700000       120.979600        60.000530        -0.007038
1643124164.0000    259031.300000       120.936000        60.000590         0.010010
1643124165.0000    259041.900000       120.936500        60.000130        -0.004287
1643124166.0000    258992.600000       120.564900        59.998340         0.018154
1643124167.0000    258988.600000       119.583500        59.997660        -0.008304
1643124168.0000    259003.800000       118.389400        59.996280        -0.018816
1643124169.0000    258972.900000       116.482200        59.993880         0.046512
1643124170.0000    258958.600000       113.912600        59.992070         0.010459
1643124171.0000    258970.900000       110.713400        59.990730        -0.024661
1643124172.0000    258982.900000       106.791800        59.988930         0.047690
1643124173.0000    258944.400000       102.043900        59.985470        -0.001014
1643124174.0000    258930.000000        96.145810        59.982020         0.025689
1643124175.0000    258969.600000        89.527380        59.981420        -0.048106
1643124176.0000    258927.200000        82.006960        59.978930        -0.063851
1643124177.0000    258992.800000        74.233790        59.978500         0.013383
1643124178.0000    258993.300000        66.250490        59.978230         0.028881
1643124179.0000    259011.200000        57.488140        59.974970         0.029933
