Terminal: BA1      440  AGUA AZUL
Tensão base: 440 kV
SOC inicial: 1643124120
SOC final: 1643124179
Taxa: 1 fasores/s
Total de frames faltantes: - 

Tempo_(SOC)           VA_mod_(V)     VA_ang_(graus)     VB_mod_(V)     VB_ang_(graus)     VC_mod_(V)     VC_ang_(graus)     Frequência        Delta_Freq     Faltante
1643124120.0000         0.000000         0.000000    258905.500000       128.363100         0.000000         0.000000        59.974750        -0.016310
1643124121.0000         0.000000         0.000000    258849.000000       119.298900         0.000000         0.000000        59.973770        -0.033085
1643124122.0000         0.000000         0.000000    258766.700000       109.806500         0.000000         0.000000        59.971410        -0.062385
1643124123.0000         0.000000         0.000000    259137.600000        99.848370         0.000000         0.000000        59.972820        -0.037601
1643124124.0000         0.000000         0.000000    259086.500000        89.647190         0.000000         0.000000        59.973160        -0.101902
1643124125.0000         0.000000         0.000000    259053.000000        78.936550         0.000000         0.000000        59.970240        -0.060380
1643124126.0000         0.000000         0.000000    258945.800000        67.717870         0.000000         0.000000        59.968200         0.118137
1643124127.0000         0.000000         0.000000    259069.900000        56.157180         0.000000         0.000000        59.967650         0.046792
1643124128.0000         0.000000         0.000000    258914.500000        44.928580         0.000000         0.000000        59.967060        -0.112478
1643124129.0000         0.000000         0.000000    259051.000000        33.444770         0.000000         0.000000        59.970550         0.031858
1643124130.0000         0.000000         0.000000    259163.900000        22.110880         0.000000         0.000000        59.971570        -0.216422
1643124131.0000         0.000000         0.000000    258663.000000        10.447480         0.000000         0.000000        59.962060        -0.051978
1643124132.0000         0.000000         0.000000    258687.900000        -1.868205         0.000000         0.000000        59.964730         0.024708
1643124133.0000         0.000000         0.000000    258964.400000       -14.766770         0.000000         0.000000        59.964720         0.061362
1643124134.0000         0.000000         0.000000    258833.700000       -28.347540         0.000000         0.000000        59.959670         0.052745
1643124135.0000         0.000000         0.000000    259020.100000       -42.616180         0.000000         0.000000        59.960740         0.019767
1643124136.0000         0.000000         0.000000    258884.000000       -57.058570         0.000000         0.000000        59.960390        -0.073796
1643124137.0000         0.000000         0.000000    258855.000000       -71.126230         0.000000         0.000000        59.961650         0.009087
1643124138.0000         0.000000         0.000000    259000.500000       -84.547560         0.000000         0.000000        59.964850        -0.049936
1643124139.0000         0.000000         0.000000    258941.500000       -97.318170         0.000000         0.000000        59.968910        -0.141216
1643124140.0000         0.000000         0.000000    258875.500000      -109.891700         0.000000         0.000000        59.968250        -0.171990
1643124141.0000         0.000000         0.000000    258907.600000      -121.933000         0.000000         0.000000        59.967940         0.142716
1643124142.0000         0.000000         0.000000    258928.900000      -133.678600         0.000000         0.000000        59.969380         0.085170
1643124143.0000         0.000000         0.000000    259038.000000      -144.826200         0.000000         0.000000        59.969530        -0.083872
1643124144.0000         0.000000         0.000000    258957.200000      -155.367300         0.000000         0.000000        59.971920         0.065468
1643124145.0000         0.000000         0.000000    258721.700000      -165.497200         0.000000         0.000000        59.974040         0.078587
1643124146.0000         0.000000         0.000000    258411.600000      -175.184500         0.000000         0.000000        59.971610         0.364792
1643124147.0000         0.000000         0.000000    258967.100000       175.297200         0.000000         0.000000        59.972720        -0.043941
1643124148.0000         0.000000         0.000000    258698.900000       165.836400         0.000000         0.000000        59.976110         0.002298
1643124149.0000         0.000000         0.000000    258822.600000       156.828200         0.000000         0.000000        59.975390        -0.041929
1643124150.0000         0.000000         0.000000    258994.900000       148.353600         0.000000         0.000000        59.977450        -0.100104
1643124151.0000         0.000000         0.000000    259064.500000       140.838300         0.000000         0.000000        59.982150         0.019430
1643124152.0000         0.000000         0.000000    259051.100000       133.853200         0.000000         0.000000        59.981790        -0.034616
1643124153.0000         0.000000         0.000000    258869.000000       127.420000         0.000000         0.000000        59.982910         0.011383
1643124154.0000         0.000000         0.000000    258950.600000       121.522200         0.000000         0.000000        59.984890         0.194345
1643124155.0000         0.000000         0.000000    258935.300000       116.485100         0.000000         0.000000        59.986410        -0.087912
1643124156.0000         0.000000         0.000000    258970.900000       112.273900         0.000000         0.000000        59.986520         0.008078
1643124157.0000         0.000000         0.000000    258985.100000       108.365900         0.000000         0.000000        59.990390        -0.130178
1643124158.0000         0.000000         0.000000    258955.400000       104.963000         0.000000         0.000000        59.991490        -0.036221
1643124159.0000         0.000000         0.000000    259093.600000       102.570700         0.000000         0.000000        59.995450         0.007181
1643124160.0000         0.000000         0.000000    259075.900000       100.778400         0.000000         0.000000        59.996740         0.021578
1643124161.0000         0.000000         0.000000    258854.200000        99.832340         0.000000         0.000000        59.998650        -0.058433
1643124162.0000         0.000000         0.000000    258857.600000        99.304100         0.000000         0.000000        59.999510        -0.079870
1643124163.0000         0.000000         0.000000    258585.500000        99.153340         0.000000         0.000000        60.001500         0.116991
1643124164.0000         0.000000         0.000000    258866.300000        99.147800         0.000000         0.000000        60.001450         0.104043
1643124165.0000         0.000000         0.000000    258991.100000        99.158820         0.000000         0.000000        59.999020        -0.093091
1643124166.0000         0.000000         0.000000    258825.200000        98.786490         0.000000         0.000000        59.999420         0.008046
1643124167.0000         0.000000         0.000000    258900.000000        97.804570         0.000000         0.000000        59.997630        -0.104326
1643124168.0000         0.000000         0.000000    259114.400000        96.636800         0.000000         0.000000        59.995780        -0.097438
1643124169.0000         0.000000         0.000000    259002.900000        94.709740         0.000000         0.000000        59.994810         0.016600
1643124170.0000         0.000000         0.000000    258831.200000        92.147130         0.000000         0.000000        59.990730         0.005649
1643124171.0000         0.000000         0.000000    258795.300000        88.926290         0.000000         0.000000        59.989270         0.050851
1643124172.0000         0.000000         0.000000    258932.500000        85.004760         0.000000         0.000000        59.990590         0.110470
1643124173.0000         0.000000         0.000000    258791.900000        80.236570         0.000000         0.000000        59.985420        -0.041713
1643124174.0000         0.000000         0.000000    258740.500000        74.313050         0.000000         0.000000        59.982320         0.254164
1643124175.0000         0.000000         0.000000    258776.300000        67.727170         0.000000         0.000000        59.980810        -0.094349
1643124176.0000         0.000000         0.000000    258595.000000        60.253620         0.000000         0.000000        59.977410        -0.292953
1643124177.0000         0.000000         0.000000    258845.700000        52.463280         0.000000         0.000000        59.977900         0.079000
1643124178.0000         0.000000         0.000000    258712.400000        44.472240         0.000000         0.000000        59.979470         0.047325
1643124179.0000         0.000000         0.000000    258820.300000        35.706090         0.000000         0.000000        59.976160        -0.019041
