Terminal: BA1      440  BRACELL
Tensão base: 440 kV
SOC inicial: 1643124120
SOC final: 1643124179
Taxa: 1 fasores/s
Total de frames faltantes: - 

Tempo_(SOC)           VB_mod_(V)     VB_ang_(graus)     Frequência        Delta_Freq     Faltante
1643124120.0000    452129.600000       138.072400        59.974320        -0.002675
1643124121.0000    452160.000000       128.990700        59.974530        -0.071263
1643124122.0000    452059.200000       119.530500        59.972600        -0.054132
1643124123.0000    452457.000000       109.538700        59.972850        -0.005891
1643124124.0000    452361.000000        99.348370        59.972110         0.008829
1643124125.0000    452274.700000        88.629470        59.970180         0.012249
1643124126.0000    452271.500000        77.425260        59.968620         0.016727
1643124127.0000    452332.200000        65.855350        59.967990        -0.013667
1643124128.0000    452159.200000        54.626320        59.968320        -0.122420
1643124129.0000    452377.800000        43.150550        59.970070         0.046175
1643124130.0000    452470.300000        31.787990        59.970940        -0.110715
1643124131.0000    451979.100000        20.189930        59.963600        -0.104915
1643124132.0000    452070.500000         7.871328        59.965350         0.045566
1643124133.0000    452305.600000        -5.055537        59.964140         0.037827
1643124134.0000    452154.300000       -18.617180        59.960530         0.061116
1643124135.0000    452278.600000       -32.916870        59.960420         0.028917
1643124136.0000    452082.800000       -47.366600        59.960780        -0.126158
1643124137.0000    452132.700000       -61.433710        59.962030         0.008596
1643124138.0000    452280.100000       -74.852880        59.964420        -0.054526
1643124139.0000    452328.400000       -87.614980        59.966570         0.002037
1643124140.0000    452195.900000      -100.186300        59.967140        -0.060085
1643124141.0000    452177.300000      -112.218800        59.967130         0.107334
1643124142.0000    452205.900000      -123.988300        59.968390         0.044704
1643124143.0000    452285.800000      -135.137000        59.969930        -0.028122
1643124144.0000    452191.200000      -145.668300        59.971440         0.094958
1643124145.0000    452002.600000      -155.772600        59.972930         0.062867
1643124146.0000    451705.700000      -165.449200        59.972840         0.270376
1643124147.0000    452214.500000      -174.994400        59.973770        -0.025118
1643124148.0000    451931.900000       175.560400        59.975910        -0.026347
1643124149.0000    452058.700000       166.536700        59.975840         0.003316
1643124150.0000    452273.300000       158.053100        59.978110         0.022901
1643124151.0000    452310.400000       150.542900        59.981120        -0.003342
1643124152.0000    452287.500000       143.555600        59.982030        -0.032426
1643124153.0000    452214.000000       137.147200        59.982960         0.002691
1643124154.0000    452214.600000       131.234100        59.984790         0.034951
1643124155.0000    452200.100000       126.177800        59.987050        -0.039725
1643124156.0000    452238.700000       121.968000        59.987980         0.031699
1643124157.0000    452256.100000       118.058700        59.990550        -0.002328
1643124158.0000    452196.900000       114.634900        59.992200        -0.024861
1643124159.0000    452379.900000       112.247900        59.995250         0.005252
1643124160.0000    452343.700000       110.455100        59.996680         0.023247
1643124161.0000    452098.300000       109.534400        59.998160         0.006712
1643124162.0000    452084.500000       108.992400        59.999290        -0.015039
1643124163.0000    451919.500000       108.890800        60.000840        -0.016226
1643124164.0000    452113.600000       108.857800        60.000560         0.046516
1643124165.0000    452309.300000       108.867000        59.999710        -0.041172
1643124166.0000    452169.900000       108.500400        59.998450         0.003300
1643124167.0000    452205.700000       107.518200        59.997740        -0.018909
1643124168.0000    452386.000000       106.325700        59.996200        -0.063022
1643124169.0000    452261.600000       104.410900        59.994080         0.099365
1643124170.0000    452051.300000       101.839300        59.991380         0.010602
1643124171.0000    452028.800000        98.636700        59.990150        -0.016816
1643124172.0000    452163.500000        94.716640        59.988880         0.115836
1643124173.0000    452026.000000        89.968220        59.985160         0.023488
1643124174.0000    452011.600000        84.056270        59.982090         0.079673
1643124175.0000    452045.600000        77.469060        59.981470        -0.088909
1643124176.0000    451859.800000        69.987480        59.978100        -0.156409
1643124177.0000    452045.300000        62.193500        59.977640         0.075137
1643124178.0000    452035.100000        54.205190        59.978790         0.023799
1643124179.0000    452168.300000        45.439230        59.975070         0.041135
