Terminal: BA1      500  BACABEIRA
Tensão base: 500 kV
SOC inicial: 1643124120
SOC final: 1643124179
Taxa: 1 fasores/s
Total de frames faltantes: - 

Tempo_(SOC)           VB_mod_(V)     VB_ang_(graus)     Frequência        Delta_Freq     Faltante
1643124120.0000    312099.100000      -142.153800        59.975210         0.003662
1643124121.0000    312091.600000      -151.169200        59.973920        -0.019226
1643124122.0000    312093.500000      -160.592200        59.973420         0.008926
1643124123.0000    312134.000000      -170.568200        59.971840         0.030899
1643124124.0000    312162.500000       179.022700        59.971520         0.013962
1643124125.0000    312092.800000       168.480300        59.970230         0.015335
1643124126.0000    312083.500000       157.307200        59.968790         0.029984
1643124127.0000    312103.700000       145.739400        59.966480        -0.010757
1643124128.0000    312167.500000       134.189100        59.969050        -0.002518
1643124129.0000    312107.200000       123.117500        59.969120        -0.001144
1643124130.0000    312073.400000       111.656400        59.966870        -0.036621
1643124131.0000    312053.200000       100.156600        59.967540        -0.030212
1643124132.0000    312005.700000        88.197110        59.965440        -0.003891
1643124133.0000    311985.200000        75.018300        59.963380         0.072784
1643124134.0000    312047.100000        61.297930        59.961510        -0.008698
1643124135.0000    312008.500000        47.222000        59.960140         0.033646
1643124136.0000    312089.400000        32.555130        59.960010        -0.001831
1643124137.0000    312116.800000        18.691470        59.962120         0.000000
1643124138.0000    312031.500000         5.542072        59.964420         0.022659
1643124139.0000    312030.600000        -7.369069        59.964880        -0.004807
1643124140.0000    312006.200000       -19.726500        59.965690        -0.024719
1643124141.0000    312032.000000       -31.885100        59.966130        -0.046234
1643124142.0000    312033.900000       -43.487080        59.968530         0.019455
1643124143.0000    312079.300000       -54.785100        59.969010        -0.029984
1643124144.0000    312086.900000       -65.344090        59.971930         0.028839
1643124145.0000    312051.500000       -75.204610        59.972350        -0.046921
1643124146.0000    312064.500000       -84.895880        59.973390        -0.002289
1643124147.0000    312053.800000       -94.348690        59.974480         0.039825
1643124148.0000    312070.300000      -103.893400        59.973280         0.001831
1643124149.0000    312095.600000      -113.063200        59.975720        -0.006180
1643124150.0000    312134.900000      -121.602500        59.976890        -0.035019
1643124151.0000    312189.400000      -129.307400        59.979930        -0.018311
1643124152.0000    312126.000000      -136.063700        59.981990         0.003204
1643124153.0000    312123.100000      -142.573700        59.982540         0.015793
1643124154.0000    312159.700000      -148.643700        59.984410         0.023575
1643124155.0000    312209.000000      -153.681700        59.987420         0.028381
1643124156.0000    312148.900000      -157.943900        59.988990         0.003891
1643124157.0000    312156.900000      -161.654200        59.990310         0.011902
1643124158.0000    312193.200000      -165.237400        59.991390         0.003662
1643124159.0000    312172.200000      -167.847700        59.993830        -0.018311
1643124160.0000    312213.500000      -169.355900        59.997490         0.000916
1643124161.0000    312240.800000      -170.456700        59.998750         0.040970
1643124162.0000    312221.800000      -170.835700        60.000020        -0.022888
1643124163.0000    312263.700000      -170.832500        60.001260        -0.011444
1643124164.0000    312239.700000      -170.819200        59.998920        -0.030670
1643124165.0000    312296.900000      -171.142000        59.998530         0.010071
1643124166.0000    312218.500000      -171.235900        60.001610         0.107346
1643124167.0000    312195.300000      -172.055400        59.996120         0.032043
1643124168.0000    312268.400000      -173.832300        59.994700         0.007782
1643124169.0000    312282.800000      -175.629600        59.995300         0.016022
1643124170.0000    312227.700000      -178.211500        59.991860        -0.037994
1643124171.0000    312253.100000       178.692700        59.991530         0.073471
1643124172.0000    312144.900000       174.892200        59.986730        -0.054016
1643124173.0000    312190.000000       170.019200        59.985470         0.007782
1643124174.0000    312146.600000       164.432300        59.982910        -0.031586
1643124175.0000    312184.800000       157.630700        59.979030        -0.001602
1643124176.0000    312194.800000       150.106300        59.979350         0.013046
1643124177.0000    312227.200000       142.097100        59.977940         0.032501
1643124178.0000    312227.300000       134.233500        59.978170         0.011215
1643124179.0000    312120.600000       125.795000        59.974400        -0.027237
