Terminal: BA1      500  RIBEIRAOZINHO
Tensão base: 500 kV
SOC inicial: 1643124120
SOC final: 1643124179
Taxa: 1 fasores/s
Total de frames faltantes: - 

Tempo_(SOC)           VB_mod_(V)     VB_ang_(graus)     Frequência        Delta_Freq     Faltante
1643124120.0000    298520.200000      -165.814500        59.974840        -0.029297
1643124121.0000    298574.200000      -174.920100        59.975670         0.013275
1643124122.0000    298490.900000       175.684100        59.973320         0.015106
1643124123.0000    298615.400000       165.624000        59.972380         0.020370
1643124124.0000    298519.500000       155.403700        59.970920         0.003662
1643124125.0000    298458.500000       144.730800        59.968600         0.010529
1643124126.0000    298491.300000       133.580200        59.969670         0.040741
1643124127.0000    298514.300000       121.901600        59.967720        -0.012589
1643124128.0000    298566.400000       110.659200        59.969970         0.022888
1643124129.0000    298566.800000        99.270290        59.967250         0.036392
1643124130.0000    298499.500000        87.889640        59.968330         0.023346
1643124131.0000    298425.000000        76.391860        59.967640        -0.016022
1643124132.0000    298552.800000        64.105810        59.964960         0.009384
1643124133.0000    298521.200000        51.128650        59.963920         0.021744
1643124134.0000    298487.500000        37.560180        59.961470        -0.010757
1643124135.0000    298522.700000        23.269290        59.958840        -0.011673
1643124136.0000    298529.500000         8.779756        59.961310         0.061111
1643124137.0000    298537.800000        -5.228452        59.961970         0.001144
1643124138.0000    298508.100000       -18.577020        59.963800         0.080338
1643124139.0000    298567.800000       -31.368470        59.965380         0.048294
1643124140.0000    298557.800000       -43.924560        59.965380         0.008469
1643124141.0000    298471.900000       -55.942970        59.966870         0.028839
1643124142.0000    298520.100000       -67.701540        59.966930        -0.028610
1643124143.0000    298523.700000       -78.896590        59.970040         0.013275
1643124144.0000    298486.800000       -89.435140        59.970280        -0.070267
1643124145.0000    298497.800000       -99.445300        59.971290        -0.055847
1643124146.0000    298453.800000      -109.101200        59.972900        -0.016251
1643124147.0000    298532.300000      -118.655800        59.973300         0.044861
1643124148.0000    298530.800000      -128.143200        59.975460         0.069351
1643124149.0000    298560.900000      -137.189200        59.975140        -0.012360
1643124150.0000    298540.300000      -145.699000        59.977750         0.026550
1643124151.0000    298574.300000      -153.220900        59.979920         0.053558
1643124152.0000    298519.500000      -160.148400        59.981860         0.005951
1643124153.0000    298516.800000      -166.546200        59.982570         0.016937
1643124154.0000    298547.000000      -172.537800        59.986390        -0.000229
1643124155.0000    298575.700000      -177.568600        59.988680         0.097504
1643124156.0000    298524.400000       178.133900        59.988930        -0.014877
1643124157.0000    298496.400000       174.355300        59.987140        -0.046463
1643124158.0000    298612.300000       170.841200        59.992400        -0.009384
1643124159.0000    298596.600000       168.435000        59.993710         0.015106
1643124160.0000    298580.200000       166.687400        59.995990         0.006638
1643124161.0000    298550.200000       165.735700        59.996110        -0.043945
1643124162.0000    298588.000000       165.229400        59.998490         0.001144
1643124163.0000    298483.100000       165.237800        60.000250        -0.046234
1643124164.0000    298641.800000       165.147000        60.000190        -0.008469
1643124165.0000    298570.300000       165.092600        60.000900         0.094986
1643124166.0000    298494.900000       164.802300        59.998740         0.003433
1643124167.0000    298524.100000       163.853800        59.995540         0.002289
1643124168.0000    298542.400000       162.478500        59.995640         0.018082
1643124169.0000    298553.100000       160.602000        59.993140         0.013275
1643124170.0000    298558.900000       158.030300        59.991970        -0.045090
1643124171.0000    298575.000000       154.889600        59.988940        -0.054016
1643124172.0000    298577.400000       150.974400        59.988860         0.028152
1643124173.0000    298596.300000       150.389300        59.987600        -0.021286          *
1643124174.0000    298596.300000       150.389300        59.987600        -0.021286          *
1643124175.0000    298596.300000       150.389300        59.987600        -0.021286          *
1643124176.0000    298596.300000       150.389300        59.987600        -0.021286          *
1643124177.0000    298596.300000       150.389300        59.987600        -0.021286          *
1643124178.0000    298596.300000       150.389300        59.987600        -0.021286          *
1643124179.0000    298596.300000       150.389300        59.987600        -0.021286          *
