Terminal: BA1      500  CLAUDIA
Tensão base: 500 kV
SOC inicial: 1643124120
SOC final: 1643124179
Taxa: 1 fasores/s
Total de frames faltantes: - 

Tempo_(SOC)           VB_mod_(V)     VB_ang_(graus)     Frequência        Delta_Freq     Faltante
1643124120.0000    314779.100000      -143.699600        59.975920         0.000687
1643124121.0000    314920.200000      -152.827100        59.976210         0.020599
1643124122.0000    314804.200000      -162.200100        59.973410         0.018997
1643124123.0000    314843.800000      -172.267700        59.972370         0.000229
1643124124.0000    314739.700000       177.524700        59.970830        -0.000458
1643124125.0000    314648.600000       166.864000        59.967430        -0.030899
1643124126.0000    314617.300000       155.716700        59.970200         0.043716
1643124127.0000    314761.500000       143.976700        59.968520        -0.001602
1643124128.0000    314918.600000       132.726300        59.969520         0.013275
1643124129.0000    314790.700000       121.340900        59.966720         0.018997
1643124130.0000    314663.200000       109.996300        59.967760         0.019226
1643124131.0000    314676.300000        98.510120        59.968340         0.036621
1643124132.0000    314880.300000        86.175990        59.964690        -0.010986
1643124133.0000    314894.800000        73.205910        59.964440         0.032043
1643124134.0000    314774.300000        59.659520        59.962100        -0.010986
1643124135.0000    314914.500000        45.332740        59.958520        -0.052185
1643124136.0000    314882.700000        30.856260        59.961160         0.047379
1643124137.0000    314920.700000        16.843370        59.961910         0.008698
1643124138.0000    314848.400000         3.500206        59.963060         0.086060
1643124139.0000    314919.100000        -9.301045        59.964740        -0.002289
1643124140.0000    314885.900000       -21.870350        59.965050        -0.002518
1643124141.0000    314763.600000       -33.860520        59.966400        -0.022430
1643124142.0000    314837.400000       -45.643680        59.967330        -0.007095
1643124143.0000    314806.400000       -56.831690        59.970970         0.042343
1643124144.0000    314925.800000       -67.399440        59.970270        -0.083084
1643124145.0000    314818.200000       -77.373730        59.971610        -0.036163
1643124146.0000    314808.600000       -87.008430        59.973080        -0.015564
1643124147.0000    314770.500000       -96.569270        59.971420         0.007553
1643124148.0000    314906.000000      -106.075100        59.975250         0.050583
1643124149.0000    314992.600000      -115.134900        59.975280        -0.034561
1643124150.0000    314922.700000      -123.643300        59.977140        -0.010071
1643124151.0000    314947.200000      -131.135700        59.979040         0.010986
1643124152.0000    314939.800000      -138.063300        59.981750        -0.018311
1643124153.0000    314785.200000      -144.450300        59.982110        -0.019913
1643124154.0000    314960.700000      -150.452000        59.986870        -0.000687
1643124155.0000    314921.300000      -155.471100        59.988580         0.063629
1643124156.0000    314887.000000      -159.785000        59.988650        -0.036850
1643124157.0000    314746.600000      -163.533500        59.986920        -0.051041
1643124158.0000    314977.100000      -167.103300        59.992070        -0.003433
1643124159.0000    314894.700000      -169.494000        59.993820         0.024719
1643124160.0000    314934.900000      -171.240500        59.995700        -0.013046
1643124161.0000    314822.400000      -172.188600        59.995610        -0.058594
1643124162.0000    314876.800000      -172.700400        59.997600         0.002747
1643124163.0000    314759.100000      -172.680500        60.001720         0.022888
1643124164.0000    314850.100000      -172.776600        60.001160         0.015335
1643124165.0000    314794.700000      -172.805700        60.000920         0.058136
1643124166.0000    314808.200000      -173.108500        59.998020        -0.028610
1643124167.0000    314687.600000      -174.056800        59.994550        -0.029068
1643124168.0000    314758.300000      -175.451200        59.995670         0.008469
1643124169.0000    314784.100000      -177.355100        59.993090         0.011444
1643124170.0000    314875.600000      -179.919200        59.992410        -0.022659
1643124171.0000    314784.500000       176.965400        59.988290        -0.051498
1643124172.0000    314882.600000       173.026700        59.988610         0.021286
1643124173.0000    314837.300000       172.578500        59.987430         0.045776          *
1643124174.0000    314837.300000       172.578500        59.987430         0.045776          *
1643124175.0000    314837.300000       172.578500        59.987430         0.045776          *
1643124176.0000    314837.300000       172.578500        59.987430         0.045776          *
1643124177.0000    314837.300000       172.578500        59.987430         0.045776          *
1643124178.0000    314837.300000       172.578500        59.987430         0.045776          *
1643124179.0000    314837.300000       172.578500        59.987430         0.045776          *
