Terminal: BA1      230  ROSANA
Tensão base: 230 kV
SOC inicial: 1643124120
SOC final: 1643124179
Taxa: 1 fasores/s
Total de frames faltantes: - 

Tempo_(SOC)           VA_mod_(V)     VA_ang_(graus)     VB_mod_(V)     VB_ang_(graus)     VC_mod_(V)     VC_ang_(graus)     Frequência        Delta_Freq     Faltante
1643124120.0000         0.000000         0.000000    128159.500000       147.596200         0.000000         0.000000        59.974700        -0.024856
1643124121.0000         0.000000         0.000000    128167.500000       138.490200         0.000000         0.000000        59.974470        -0.033283
1643124122.0000         0.000000         0.000000    128138.000000       129.063400         0.000000         0.000000        59.972600        -0.048011
1643124123.0000         0.000000         0.000000    128173.500000       119.065400         0.000000         0.000000        59.972440        -0.002486
1643124124.0000         0.000000         0.000000    128167.300000       108.879800         0.000000         0.000000        59.971120        -0.013422
1643124125.0000         0.000000         0.000000    128152.900000        98.145310         0.000000         0.000000        59.969590        -0.007460
1643124126.0000         0.000000         0.000000    128161.500000        86.941600         0.000000         0.000000        59.968440        -0.002497
1643124127.0000         0.000000         0.000000    128163.900000        75.339560         0.000000         0.000000        59.967960         0.002810
1643124128.0000         0.000000         0.000000    128165.200000        64.130140         0.000000         0.000000        59.969230        -0.057511
1643124129.0000         0.000000         0.000000    128173.500000        52.637680         0.000000         0.000000        59.968640         0.049384
1643124130.0000         0.000000         0.000000    128191.800000        41.265120         0.000000         0.000000        59.970100         0.019995
1643124131.0000         0.000000         0.000000    128145.100000        29.695040         0.000000         0.000000        59.966180        -0.053893
1643124132.0000         0.000000         0.000000    128141.500000        17.396850         0.000000         0.000000        59.964350        -0.010610
1643124133.0000         0.000000         0.000000    128148.000000         4.450230         0.000000         0.000000        59.962980         0.063753
1643124134.0000         0.000000         0.000000    128126.700000        -9.084905         0.000000         0.000000        59.961060         0.014908
1643124135.0000         0.000000         0.000000    128147.400000       -23.386960         0.000000         0.000000        59.959510         0.037113
1643124136.0000         0.000000         0.000000    128156.300000       -37.862980         0.000000         0.000000        59.960250        -0.072362
1643124137.0000         0.000000         0.000000    128166.700000       -51.936420         0.000000         0.000000        59.961900         0.055547
1643124138.0000         0.000000         0.000000    128187.100000       -65.348720         0.000000         0.000000        59.963480        -0.038709
1643124139.0000         0.000000         0.000000    128168.500000       -78.091230         0.000000         0.000000        59.964970        -0.004944
1643124140.0000         0.000000         0.000000    128172.300000       -90.700610         0.000000         0.000000        59.966110        -0.017775
1643124141.0000         0.000000         0.000000    128162.900000      -102.709400         0.000000         0.000000        59.967010         0.035169
1643124142.0000         0.000000         0.000000    128167.500000      -114.470800         0.000000         0.000000        59.968170         0.021727
1643124143.0000         0.000000         0.000000    128178.200000      -125.633600         0.000000         0.000000        59.970120         0.051598
1643124144.0000         0.000000         0.000000    128169.300000      -136.124500         0.000000         0.000000        59.971660         0.024507
1643124145.0000         0.000000         0.000000    128158.200000      -146.245100         0.000000         0.000000        59.972260         0.090808
1643124146.0000         0.000000         0.000000    128145.300000      -155.912600         0.000000         0.000000        59.973340         0.043335
1643124147.0000         0.000000         0.000000    128160.800000      -165.473800         0.000000         0.000000        59.973310         0.026545
1643124148.0000         0.000000         0.000000    128146.800000      -174.903800         0.000000         0.000000        59.974820        -0.012269
1643124149.0000         0.000000         0.000000    128152.900000       176.048800         0.000000         0.000000        59.975030         0.029323
1643124150.0000         0.000000         0.000000    128169.600000       167.536600         0.000000         0.000000        59.977330         0.039422
1643124151.0000         0.000000         0.000000    128175.700000       160.038300         0.000000         0.000000        59.979940         0.004545
1643124152.0000         0.000000         0.000000    128180.000000       153.033900         0.000000         0.000000        59.981680         0.000292
1643124153.0000         0.000000         0.000000    128162.200000       146.619800         0.000000         0.000000        59.982510         0.048337
1643124154.0000         0.000000         0.000000    128167.300000       140.729900         0.000000         0.000000        59.984440         0.019119
1643124155.0000         0.000000         0.000000    128171.900000       135.661000         0.000000         0.000000        59.986750        -0.015140
1643124156.0000         0.000000         0.000000    128177.800000       131.461200         0.000000         0.000000        59.988620         0.055913
1643124157.0000         0.000000         0.000000    128166.800000       127.558500         0.000000         0.000000        59.989770         0.031777
1643124158.0000         0.000000         0.000000    128177.900000       124.116100         0.000000         0.000000        59.992020        -0.046642
1643124159.0000         0.000000         0.000000    128174.700000       121.747700         0.000000         0.000000        59.994300        -0.006920
1643124160.0000         0.000000         0.000000    128182.700000       119.957900         0.000000         0.000000        59.996330         0.022357
1643124161.0000         0.000000         0.000000    128163.900000       119.077400         0.000000         0.000000        59.997840        -0.003125
1643124162.0000         0.000000         0.000000    128168.100000       118.514000         0.000000         0.000000        59.999480        -0.070815
1643124163.0000         0.000000         0.000000    128148.700000       118.445700         0.000000         0.000000        60.000310        -0.005720
1643124164.0000         0.000000         0.000000    128162.000000       118.408300         0.000000         0.000000        60.000160         0.012801
1643124165.0000         0.000000         0.000000    128157.900000       118.403100         0.000000         0.000000        59.999580        -0.023466
1643124166.0000         0.000000         0.000000    128139.500000       118.022500         0.000000         0.000000        59.998130        -0.001052
1643124167.0000         0.000000         0.000000    128125.400000       117.032800         0.000000         0.000000        59.997140         0.022020
1643124168.0000         0.000000         0.000000    128106.100000       115.859100         0.000000         0.000000        59.995660        -0.029658
1643124169.0000         0.000000         0.000000    128111.900000       113.937300         0.000000         0.000000        59.993370         0.015788
1643124170.0000         0.000000         0.000000    128127.100000       111.397200         0.000000         0.000000        59.992070        -0.007233
1643124171.0000         0.000000         0.000000    128125.000000       108.186200         0.000000         0.000000        59.990520        -0.045333
1643124172.0000         0.000000         0.000000    128117.500000       104.269700         0.000000         0.000000        59.988310        -0.017683
1643124173.0000         0.000000         0.000000    128106.200000        99.513490         0.000000         0.000000        59.984790        -0.036374
1643124174.0000         0.000000         0.000000    128113.500000        93.614170         0.000000         0.000000        59.982160         0.030866
1643124175.0000         0.000000         0.000000    128130.800000        86.977760         0.000000         0.000000        59.981450        -0.000281
1643124176.0000         0.000000         0.000000    128113.600000        79.456810         0.000000         0.000000        59.978000        -0.051409
1643124177.0000         0.000000         0.000000    128120.800000        71.692750         0.000000         0.000000        59.978580         0.023543
1643124178.0000         0.000000         0.000000    128134.900000        63.713470         0.000000         0.000000        59.978090         0.012314
1643124179.0000         0.000000         0.000000    128160.100000        54.937840         0.000000         0.000000        59.974430         0.026974
