Terminal: BA1110   500  TIANGUA II
Tensão base: 500 kV
SOC inicial: 1643124120
SOC final: 1643124179
Taxa: 1 fasores/s
Total de frames faltantes: - 

Tempo_(SOC)           VB_mod_(V)     VB_ang_(graus)     Frequência        Delta_Freq     Faltante
1643124120.0000    313109.500000      -142.577500        59.975320         0.010529
1643124121.0000    313071.700000      -151.597100        59.973810        -0.022659
1643124122.0000    313090.300000      -161.025100        59.973880         0.021286
1643124123.0000    313135.500000      -171.010400        59.970910        -0.010757
1643124124.0000    313145.000000       178.599000        59.971090        -0.010071
1643124125.0000    312985.100000       168.035400        59.970090         0.001144
1643124126.0000    313044.400000       156.858400        59.968620         0.013733
1643124127.0000    313041.900000       145.293100        59.966330        -0.017853
1643124128.0000    313052.900000       133.768900        59.969680         0.001144
1643124129.0000    313074.500000       122.689500        59.969510        -0.000687
1643124130.0000    313026.800000       111.215900        59.966580        -0.042801
1643124131.0000    313056.200000        99.710020        59.967830        -0.021744
1643124132.0000    313026.800000        87.730290        59.965240        -0.013046
1643124133.0000    313037.200000        74.558430        59.963020         0.043030
1643124134.0000    312979.100000        60.853740        59.961930         0.013504
1643124135.0000    312991.500000        46.765650        59.959980         0.008240
1643124136.0000    313081.400000        32.112850        59.960100        -0.007553
1643124137.0000    313074.200000        18.276830        59.961930        -0.011444
1643124138.0000    313021.500000         5.100864        59.963690        -0.000916
1643124139.0000    313024.100000        -7.811501        59.964130        -0.024490
1643124140.0000    312986.800000       -20.168550        59.965320        -0.028152
1643124141.0000    313028.100000       -32.320380        59.966270        -0.059509
1643124142.0000    313121.300000       -43.925790        59.968670         0.026321
1643124143.0000    313040.000000       -55.220300        59.969940         0.014191
1643124144.0000    313063.800000       -65.765210        59.971750         0.027924
1643124145.0000    313091.900000       -75.643710        59.972410        -0.045090
1643124146.0000    313063.700000       -85.318320        59.973430        -0.015106
1643124147.0000    312994.400000       -94.769390        59.974350         0.037537
1643124148.0000    313060.600000      -104.320000        59.973140        -0.008469
1643124149.0000    313000.700000      -113.470900        59.975740        -0.008011
1643124150.0000    313067.100000      -122.021700        59.977030        -0.027237
1643124151.0000    313175.300000      -129.725000        59.980240        -0.020370
1643124152.0000    313088.000000      -136.501000        59.982050         0.002518
1643124153.0000    313081.000000      -143.000400        59.982770         0.025406
1643124154.0000    313134.700000      -149.070100        59.984310         0.009155
1643124155.0000    313170.300000      -154.110400        59.987770         0.048752
1643124156.0000    313104.300000      -158.388100        59.989140         0.013733
1643124157.0000    313102.300000      -162.094800        59.989690        -0.021973
1643124158.0000    313141.700000      -165.677100        59.990870        -0.008011
1643124159.0000    313092.500000      -168.262100        59.994310        -0.030899
1643124160.0000    313125.700000      -169.788400        59.997600         0.013275
1643124161.0000    313178.200000      -170.884400        59.998780         0.042114
1643124162.0000    313135.700000      -171.238300        59.999560        -0.035019
1643124163.0000    313154.600000      -171.233900        60.001690        -0.008240
1643124164.0000    313160.700000      -171.231600        59.999380        -0.016479
1643124165.0000    313245.400000      -171.540900        59.998230        -0.006409
1643124166.0000    313100.600000      -171.638000        60.000900         0.069580
1643124167.0000    313111.600000      -172.462800        59.996060         0.021973
1643124168.0000    313139.300000      -174.242000        59.994560        -0.012817
1643124169.0000    313104.000000      -176.026800        59.995340         0.026093
1643124170.0000    313081.800000      -178.625200        59.991680        -0.046005
1643124171.0000    313145.700000       178.292200        59.991000         0.051727
1643124172.0000    312982.800000       174.517000        59.987070        -0.047836
1643124173.0000    313072.800000       169.615300        59.985320        -0.005951
1643124174.0000    313186.700000       164.033800        59.983590        -0.002975
1643124175.0000    313059.900000       157.238000        59.979520         0.003662
1643124176.0000    313048.000000       149.729100        59.979040         0.014648
1643124177.0000    313132.100000       141.725400        59.977130        -0.005951
1643124178.0000    313116.600000       133.852100        59.977390        -0.007553
1643124179.0000    313005.100000       125.394000        59.974550         0.010757
