Terminal: BA1110   500  PARNAIBA III
Tensão base: 500 kV
SOC inicial: 1643124120
SOC final: 1643124179
Taxa: 1 fasores/s
Total de frames faltantes: - 

Tempo_(SOC)           VB_mod_(V)     VB_ang_(graus)     Frequência        Delta_Freq     Faltante
1643124120.0000    310127.800000      -142.393100        59.974950        -0.006638
1643124121.0000    310109.600000      -151.412200        59.973740        -0.036850
1643124122.0000    310103.300000      -160.840300        59.973510         0.008240
1643124123.0000    310160.100000      -170.824600        59.971260         0.008926
1643124124.0000    310162.300000       178.782700        59.971600         0.014191
1643124125.0000    310058.600000       168.221800        59.969950        -0.011444
1643124126.0000    310077.800000       157.045600        59.968630         0.016708
1643124127.0000    310108.900000       145.480100        59.966670         0.005264
1643124128.0000    310090.300000       133.949400        59.969530         0.012360
1643124129.0000    310104.800000       122.869900        59.969420         0.005264
1643124130.0000    310082.000000       111.401000        59.966940        -0.035477
1643124131.0000    310109.700000        99.895450        59.967600        -0.030899
1643124132.0000    310093.800000        87.916920        59.965330        -0.005722
1643124133.0000    310076.200000        74.739940        59.963140         0.057220
1643124134.0000    310049.100000        61.034300        59.961530         0.000687
1643124135.0000    310043.400000        46.950600        59.960320         0.023575
1643124136.0000    310096.400000        32.295870        59.960790         0.027695
1643124137.0000    310132.800000        18.455710        59.962670         0.019226
1643124138.0000    310051.900000         5.283829        59.964010         0.010986
1643124139.0000    310050.100000        -7.626340        59.964420        -0.018997
1643124140.0000    310020.000000       -19.982270        59.965060        -0.041199
1643124141.0000    310079.200000       -32.140000        59.965840        -0.072784
1643124142.0000    310133.800000       -43.742330        59.968770         0.024948
1643124143.0000    310086.000000       -55.040830        59.969650         0.006180
1643124144.0000    310096.300000       -65.589130        59.971480         0.025635
1643124145.0000    310108.600000       -75.458760        59.972330        -0.057449
1643124146.0000    310111.500000       -85.139960        59.973530        -0.011444
1643124147.0000    310071.500000       -94.590200        59.974480         0.042572
1643124148.0000    310109.300000      -104.140000        59.973240        -0.008469
1643124149.0000    310055.200000      -113.293000        59.975840        -0.000687
1643124150.0000    310108.700000      -121.839500        59.977460        -0.002975
1643124151.0000    310203.600000      -129.541600        59.979830        -0.029526
1643124152.0000    310138.000000      -136.313300        59.982350         0.015106
1643124153.0000    310105.000000      -142.817200        59.982390         0.016708
1643124154.0000    310162.200000      -148.887500        59.984180         0.010071
1643124155.0000    310203.300000      -153.922400        59.987280         0.023117
1643124156.0000    310137.000000      -158.196800        59.989360         0.014191
1643124157.0000    310125.000000      -161.906800        59.989980        -0.004349
1643124158.0000    310168.500000      -165.491400        59.990930         0.003204
1643124159.0000    310105.300000      -168.080200        59.994130        -0.014877
1643124160.0000    310161.300000      -169.599400        59.997730         0.018539
1643124161.0000    310179.900000      -170.697100        59.998750         0.041428
1643124162.0000    310151.600000      -171.057200        59.999680        -0.028152
1643124163.0000    310166.700000      -171.053000        60.001550        -0.000687
1643124164.0000    310175.600000      -171.050700        59.999400        -0.004120
1643124165.0000    310252.500000      -171.358000        59.998650         0.007324
1643124166.0000    310149.800000      -171.454600        60.001050         0.078735
1643124167.0000    310138.700000      -172.282500        59.996200         0.043030
1643124168.0000    310180.700000      -174.057800        59.994610         0.011902
1643124169.0000    310154.900000      -175.842500        59.995680         0.032272
1643124170.0000    310125.200000      -178.437100        59.991740        -0.044861
1643124171.0000    310181.600000       178.476200        59.991210         0.060883
1643124172.0000    310053.900000       174.695500        59.987040        -0.033188
1643124173.0000    310143.100000       169.801400        59.985380         0.001831
1643124174.0000    310194.600000       164.218500        59.982900        -0.027008
1643124175.0000    310123.500000       157.419400        59.979220        -0.001373
1643124176.0000    310098.400000       149.907900        59.979310         0.026093
1643124177.0000    310155.500000       141.907300        59.977120        -0.003891
1643124178.0000    310135.600000       134.034200        59.977680         0.015793
1643124179.0000    310070.600000       125.578200        59.974560         0.012360
