Terminal: BA1110   500  ACARAU III
Tensão base: 500 kV
SOC inicial: 1643124120
SOC final: 1643124179
Taxa: 1 fasores/s
Total de frames faltantes: - 

Tempo_(SOC)           VB_mod_(V)     VB_ang_(graus)     Frequência        Delta_Freq     Faltante
1643124120.0000    312670.300000      -142.265900        59.974920        -0.023575
1643124121.0000    312618.700000      -151.287100        59.973710        -0.020599
1643124122.0000    312630.700000      -160.716500        59.973510         0.006638
1643124123.0000    312678.000000      -170.704100        59.971200         0.001373
1643124124.0000    312675.300000       178.910600        59.971460         0.009613
1643124125.0000    312498.800000       168.344000        59.969720        -0.015564
1643124126.0000    312568.900000       157.166100        59.968930         0.013733
1643124127.0000    312580.100000       145.606100        59.966190        -0.026093
1643124128.0000    312553.800000       134.081600        59.969780         0.014877
1643124129.0000    312599.000000       122.999900        59.969470         0.000916
1643124130.0000    312549.200000       111.532300        59.966720        -0.059280
1643124131.0000    312599.600000       100.019900        59.967840        -0.012817
1643124132.0000    312585.800000        88.034770        59.964900        -0.018997
1643124133.0000    312552.800000        74.862620        59.963050         0.044632
1643124134.0000    312515.300000        61.161810        59.961490        -0.008011
1643124135.0000    312484.700000        47.069920        59.959720        -0.002060
1643124136.0000    312611.600000        32.420700        59.960610         0.019684
1643124137.0000    312567.100000        18.592540        59.962230         0.000229
1643124138.0000    312539.200000         5.411316        59.963800        -0.005035
1643124139.0000    312556.800000        -7.497567        59.964060        -0.043716
1643124140.0000    312488.400000       -19.855540        59.965230        -0.028152
1643124141.0000    312561.300000       -32.009350        59.966710        -0.039597
1643124142.0000    312661.300000       -43.615040        59.968650         0.021286
1643124143.0000    312572.200000       -54.911530        59.969770        -0.013046
1643124144.0000    312579.200000       -65.453520        59.971160         0.001831
1643124145.0000    312646.300000       -75.331330        59.972840        -0.040283
1643124146.0000    312616.900000       -85.011170        59.973310        -0.009613
1643124147.0000    312528.200000       -94.460940        59.974700         0.052872
1643124148.0000    312602.400000      -104.009400        59.973840         0.002747
1643124149.0000    312541.300000      -113.153500        59.975640        -0.020142
1643124150.0000    312567.900000      -121.703200        59.977200        -0.028381
1643124151.0000    312718.700000      -129.407500        59.980080        -0.030441
1643124152.0000    312650.900000      -136.191300        59.981880         0.006180
1643124153.0000    312601.000000      -142.685700        59.983070         0.045319
1643124154.0000    312682.300000      -148.755400        59.984230         0.019913
1643124155.0000    312744.700000      -153.793200        59.987830         0.043488
1643124156.0000    312633.100000      -158.068200        59.989240         0.010071
1643124157.0000    312625.600000      -161.780400        59.989930        -0.001144
1643124158.0000    312680.500000      -165.356000        59.991340         0.008926
1643124159.0000    312579.300000      -167.944000        59.993930        -0.025406
1643124160.0000    312634.900000      -169.465600        59.997810         0.016251
1643124161.0000    312710.200000      -170.563300        59.998810         0.034790
1643124162.0000    312658.100000      -170.915600        59.999400        -0.037766
1643124163.0000    312653.500000      -170.909000        60.001230        -0.031357
1643124164.0000    312706.400000      -170.909000        59.999720        -0.007782
1643124165.0000    312770.800000      -171.215500        59.998560         0.000000
1643124166.0000    312615.100000      -171.314200        60.001080         0.071182
1643124167.0000    312625.400000      -172.141600        59.996110         0.025177
1643124168.0000    312660.800000      -173.922900        59.994920         0.016937
1643124169.0000    312599.600000      -175.703100        59.995220         0.021973
1643124170.0000    312585.500000      -178.304200        59.991870        -0.035934
1643124171.0000    312648.500000       178.618700        59.991360         0.060883
1643124172.0000    312456.600000       174.842800        59.987080        -0.029984
1643124173.0000    312576.400000       169.936700        59.985350         0.003433
1643124174.0000    312754.700000       164.357100        59.983450        -0.009384
1643124175.0000    312583.500000       157.563300        59.979570         0.008240
1643124176.0000    312547.000000       150.055400        59.979050         0.011444
1643124177.0000    312666.000000       142.051700        59.977250         0.009613
1643124178.0000    312626.100000       134.175800        59.977600         0.008926
1643124179.0000    312507.900000       125.717400        59.974490         0.013275
