Terminal: BA2      440  AGUA AZUL
Tensão base: 440 kV
SOC inicial: 1643124120
SOC final: 1643124179
Taxa: 1 fasores/s
Total de frames faltantes: - 

Tempo_(SOC)           VA_mod_(V)     VA_ang_(graus)     VB_mod_(V)     VB_ang_(graus)     VC_mod_(V)     VC_ang_(graus)     Frequência        Delta_Freq     Faltante
1643124120.0000         0.000000         0.000000    258784.100000       128.407700         0.000000         0.000000        59.974290         0.051889
1643124121.0000         0.000000         0.000000    258729.800000       119.345400         0.000000         0.000000        59.973650        -0.063193
1643124122.0000         0.000000         0.000000    258646.100000       109.850400         0.000000         0.000000        59.971780        -0.046123
1643124123.0000         0.000000         0.000000    259016.100000        99.894110         0.000000         0.000000        59.973360        -0.044942
1643124124.0000         0.000000         0.000000    258965.900000        89.693690         0.000000         0.000000        59.972970         0.044886
1643124125.0000         0.000000         0.000000    258930.800000        78.980940         0.000000         0.000000        59.970520         0.020360
1643124126.0000         0.000000         0.000000    258825.600000        67.762480         0.000000         0.000000        59.967710         0.060688
1643124127.0000         0.000000         0.000000    258947.900000        56.203910         0.000000         0.000000        59.967800         0.006049
1643124128.0000         0.000000         0.000000    258793.900000        44.972320         0.000000         0.000000        59.966960        -0.124704
1643124129.0000         0.000000         0.000000    258931.100000        33.490450         0.000000         0.000000        59.971670         0.100808
1643124130.0000         0.000000         0.000000    259042.000000        22.156570         0.000000         0.000000        59.970550        -0.216329
1643124131.0000         0.000000         0.000000    258542.700000        10.494760         0.000000         0.000000        59.963500        -0.079840
1643124132.0000         0.000000         0.000000    258567.600000        -1.821702         0.000000         0.000000        59.966580         0.119702
1643124133.0000         0.000000         0.000000    258843.100000       -14.719320         0.000000         0.000000        59.964570        -0.084009
1643124134.0000         0.000000         0.000000    258714.100000       -28.302330         0.000000         0.000000        59.958630         0.077075
1643124135.0000         0.000000         0.000000    258898.200000       -42.570170         0.000000         0.000000        59.960830        -0.033011
1643124136.0000         0.000000         0.000000    258762.700000       -57.012620         0.000000         0.000000        59.960320        -0.159501
1643124137.0000         0.000000         0.000000    258732.300000       -71.081580         0.000000         0.000000        59.960080         0.035389
1643124138.0000         0.000000         0.000000    258880.700000       -84.502720         0.000000         0.000000        59.964900        -0.110212
1643124139.0000         0.000000         0.000000    258819.500000       -97.271550         0.000000         0.000000        59.967320        -0.091594
1643124140.0000         0.000000         0.000000    258754.900000      -109.847700         0.000000         0.000000        59.967300        -0.118471
1643124141.0000         0.000000         0.000000    258786.900000      -121.887400         0.000000         0.000000        59.967770         0.080205
1643124142.0000         0.000000         0.000000    258805.300000      -133.632000         0.000000         0.000000        59.968750         0.157754
1643124143.0000         0.000000         0.000000    258917.100000      -144.781100         0.000000         0.000000        59.970080        -0.128392
1643124144.0000         0.000000         0.000000    258836.000000      -155.321900         0.000000         0.000000        59.971950         0.072665
1643124145.0000         0.000000         0.000000    258600.600000      -165.452100         0.000000         0.000000        59.972860         0.171071
1643124146.0000         0.000000         0.000000    258290.400000      -175.139400         0.000000         0.000000        59.973340         0.245281
1643124147.0000         0.000000         0.000000    258845.500000       175.342300         0.000000         0.000000        59.972760        -0.000006
1643124148.0000         0.000000         0.000000    258577.100000       165.882500         0.000000         0.000000        59.975710         0.025591
1643124149.0000         0.000000         0.000000    258701.600000       156.874100         0.000000         0.000000        59.975620        -0.044116
1643124150.0000         0.000000         0.000000    258873.100000       148.399000         0.000000         0.000000        59.978090         0.014390
1643124151.0000         0.000000         0.000000    258943.600000       140.884600         0.000000         0.000000        59.981200        -0.026792
1643124152.0000         0.000000         0.000000    258929.100000       133.899800         0.000000         0.000000        59.980860        -0.079348
1643124153.0000         0.000000         0.000000    258746.300000       127.466000         0.000000         0.000000        59.983650         0.005777
1643124154.0000         0.000000         0.000000    258827.700000       121.568100         0.000000         0.000000        59.983770         0.216971
1643124155.0000         0.000000         0.000000    258814.600000       116.530300         0.000000         0.000000        59.986720        -0.097928
1643124156.0000         0.000000         0.000000    258850.800000       112.320200         0.000000         0.000000        59.987660         0.097854
1643124157.0000         0.000000         0.000000    258863.500000       108.414400         0.000000         0.000000        59.990850        -0.062685
1643124158.0000         0.000000         0.000000    258835.000000       105.010100         0.000000         0.000000        59.991710        -0.055282
1643124159.0000         0.000000         0.000000    258973.600000       102.616600         0.000000         0.000000        59.995750        -0.003626
1643124160.0000         0.000000         0.000000    258954.700000       100.825900         0.000000         0.000000        59.996600        -0.061393
1643124161.0000         0.000000         0.000000    258732.700000        99.879020         0.000000         0.000000        59.999020         0.065406
1643124162.0000         0.000000         0.000000    258735.700000        99.349510         0.000000         0.000000        59.998780        -0.081141
1643124163.0000         0.000000         0.000000    258465.300000        99.198660         0.000000         0.000000        60.001590         0.074837
1643124164.0000         0.000000         0.000000    258746.100000        99.192830         0.000000         0.000000        60.001630         0.214777
1643124165.0000         0.000000         0.000000    258871.100000        99.204770         0.000000         0.000000        60.000250         0.038002
1643124166.0000         0.000000         0.000000    258703.500000        98.831840         0.000000         0.000000        59.998410         0.037316
1643124167.0000         0.000000         0.000000    258779.200000        97.851540         0.000000         0.000000        59.997280        -0.080436
1643124168.0000         0.000000         0.000000    258993.300000        96.683770         0.000000         0.000000        59.997420        -0.049097
1643124169.0000         0.000000         0.000000    258881.300000        94.755790         0.000000         0.000000        59.995230         0.044420
1643124170.0000         0.000000         0.000000    258710.900000        92.193350         0.000000         0.000000        59.990230         0.028775
1643124171.0000         0.000000         0.000000    258675.900000        88.972940         0.000000         0.000000        59.991130         0.103596
1643124172.0000         0.000000         0.000000    258810.800000        85.049710         0.000000         0.000000        59.989600         0.127845
1643124173.0000         0.000000         0.000000    258670.400000        80.283230         0.000000         0.000000        59.985320         0.015704
1643124174.0000         0.000000         0.000000    258619.800000        74.359540         0.000000         0.000000        59.982450         0.131005
1643124175.0000         0.000000         0.000000    258653.600000        67.773510         0.000000         0.000000        59.980480        -0.063951
1643124176.0000         0.000000         0.000000    258473.100000        60.299690         0.000000         0.000000        59.976180        -0.195443
1643124177.0000         0.000000         0.000000    258722.400000        52.509450         0.000000         0.000000        59.977020         0.108459
1643124178.0000         0.000000         0.000000    258589.700000        44.518590         0.000000         0.000000        59.979390        -0.083203
1643124179.0000         0.000000         0.000000    258699.100000        35.753400         0.000000         0.000000        59.975740        -0.027476
