Terminal: BA2      500  MARITUBA
Tensão base: 500 kV
SOC inicial: 1643124120
SOC final: 1643124179
Taxa: 1 fasores/s
Total de frames faltantes: - 

Tempo_(SOC)           VB_mod_(V)     VB_ang_(graus)     Frequência        Delta_Freq     Faltante
1643124120.0000    304413.800000      -134.557600        59.975360         0.026321
1643124121.0000    304386.900000      -143.553800        59.975090         0.008469
1643124122.0000    304289.900000      -152.924200        59.973360         0.002060
1643124123.0000    304304.200000      -162.891100        59.972310         0.022202
1643124124.0000    304303.600000      -173.400400        59.971380        -0.009613
1643124125.0000    304264.000000       176.154200        59.969870        -0.003204
1643124126.0000    304252.900000       164.977200        59.968200         0.017395
1643124127.0000    304290.200000       153.407700        59.967060         0.005951
1643124128.0000    304466.100000       141.747000        59.967950        -0.039825
1643124129.0000    304343.200000       130.794100        59.969540        -0.004120
1643124130.0000    304177.000000       119.333500        59.966500        -0.027924
1643124131.0000    304105.300000       107.868500        59.966950        -0.065689
1643124132.0000    304044.400000        96.024890        59.964300        -0.061111
1643124133.0000    304060.700000        82.826480        59.962700         0.023575
1643124134.0000    304159.500000        68.983440        59.960640        -0.040054
1643124135.0000    304216.500000        55.007470        59.960190         0.006638
1643124136.0000    304235.600000        40.243090        59.959450        -0.018539
1643124137.0000    304374.600000        26.340860        59.963230        -0.001373
1643124138.0000    304302.500000        13.302000        59.963790         0.038452
1643124139.0000    304336.600000         0.387187        59.965390         0.024261
1643124140.0000    304246.300000       -11.968310        59.966350         0.010300
1643124141.0000    304284.200000       -24.133080        59.966460        -0.032730
1643124142.0000    304290.400000       -35.690380        59.968780         0.016937
1643124143.0000    304313.300000       -47.069480        59.969000        -0.024033
1643124144.0000    304316.000000       -57.655830        59.971120        -0.027237
1643124145.0000    304248.800000       -67.425740        59.973210        -0.025177
1643124146.0000    304288.600000       -77.160770        59.973350         0.003433
1643124147.0000    304329.800000       -86.555080        59.975040         0.003891
1643124148.0000    304238.200000       -96.109390        59.972730        -0.029984
1643124149.0000    304367.600000      -105.385900        59.976390         0.015793
1643124150.0000    304463.600000      -113.883300        59.977180        -0.010300
1643124151.0000    304445.700000      -121.636900        59.980760         0.014420
1643124152.0000    304346.700000      -128.287000        59.981110        -0.013504
1643124153.0000    304381.300000      -134.879100        59.982920         0.016022
1643124154.0000    304432.600000      -140.944200        59.983200        -0.010071
1643124155.0000    304506.800000      -146.007600        59.987400        -0.002518
1643124156.0000    304332.400000      -150.264000        59.988300        -0.014877
1643124157.0000    304389.900000      -153.947800        59.990870         0.038910
1643124158.0000    304384.200000      -157.559600        59.990610         0.015793
1643124159.0000    304540.300000      -160.244700        59.995170         0.011444
1643124160.0000    304580.900000      -161.693900        59.996340        -0.023804
1643124161.0000    304641.000000      -162.824300        59.997880         0.021973
1643124162.0000    304699.400000      -163.239300        60.000190        -0.011444
1643124163.0000    304689.500000      -163.221200        60.001260         0.010986
1643124164.0000    304578.200000      -163.145800        59.997780        -0.089264
1643124165.0000    304552.900000      -163.603100        59.998970         0.021515
1643124166.0000    304498.600000      -163.639900        60.000540         0.046234
1643124167.0000    304471.800000      -164.408800        59.994750        -0.014420
1643124168.0000    304549.600000      -166.313400        59.993620        -0.026321
1643124169.0000    304659.700000      -168.160200        59.995190         0.005035
1643124170.0000    304502.200000      -170.662100        59.991900        -0.017853
1643124171.0000    304591.500000      -173.790300        59.990460        -0.001373
1643124172.0000    304458.600000      -177.596600        59.986820        -0.048523
1643124173.0000    304418.000000       177.550000        59.984580        -0.051270
1643124174.0000    304389.500000       171.987900        59.983080         0.007095
1643124175.0000    304423.500000       165.155000        59.979700         0.041199
1643124176.0000    304501.200000       157.603100        59.979500         0.000000
1643124177.0000    304599.300000       149.558000        59.977710        -0.002975
1643124178.0000    304607.800000       141.686900        59.979080         0.009155
1643124179.0000    304471.100000       133.381600        59.974660        -0.015106
