Terminal: BA2      230  ROSANA
Tensão base: 230 kV
SOC inicial: 1643124120
SOC final: 1643124179
Taxa: 1 fasores/s
Total de frames faltantes: - 

Tempo_(SOC)           VA_mod_(V)     VA_ang_(graus)     VB_mod_(V)     VB_ang_(graus)     VC_mod_(V)     VC_ang_(graus)     Frequência        Delta_Freq     Faltante
1643124120.0000         0.000000         0.000000    128164.200000       147.632400         0.000000         0.000000        59.975100        -0.027537
1643124121.0000         0.000000         0.000000    128172.100000       138.527400         0.000000         0.000000        59.974800        -0.043320
1643124122.0000         0.000000         0.000000    128143.500000       129.099700         0.000000         0.000000        59.972850        -0.042783
1643124123.0000         0.000000         0.000000    128179.100000       119.102600         0.000000         0.000000        59.972900         0.004562
1643124124.0000         0.000000         0.000000    128172.000000       108.916500         0.000000         0.000000        59.971550        -0.012011
1643124125.0000         0.000000         0.000000    128157.500000        98.182790         0.000000         0.000000        59.969980        -0.031933
1643124126.0000         0.000000         0.000000    128167.000000        86.977930         0.000000         0.000000        59.968930        -0.014763
1643124127.0000         0.000000         0.000000    128168.300000        75.376400         0.000000         0.000000        59.968370        -0.003986
1643124128.0000         0.000000         0.000000    128170.400000        64.167240         0.000000         0.000000        59.969650        -0.063314
1643124129.0000         0.000000         0.000000    128179.100000        52.674370         0.000000         0.000000        59.969070         0.056789
1643124130.0000         0.000000         0.000000    128196.200000        41.301750         0.000000         0.000000        59.970520         0.016239
1643124131.0000         0.000000         0.000000    128149.300000        29.731460         0.000000         0.000000        59.966500        -0.038859
1643124132.0000         0.000000         0.000000    128147.000000        17.433400         0.000000         0.000000        59.964840         0.000084
1643124133.0000         0.000000         0.000000    128152.600000         4.487043         0.000000         0.000000        59.963400         0.066066
1643124134.0000         0.000000         0.000000    128130.800000        -9.045848         0.000000         0.000000        59.961510         0.014542
1643124135.0000         0.000000         0.000000    128152.900000       -23.349060         0.000000         0.000000        59.959960         0.027425
1643124136.0000         0.000000         0.000000    128161.500000       -37.825580         0.000000         0.000000        59.960700        -0.080607
1643124137.0000         0.000000         0.000000    128171.900000       -51.899010         0.000000         0.000000        59.962280         0.059933
1643124138.0000         0.000000         0.000000    128191.400000       -65.312160         0.000000         0.000000        59.963870        -0.033566
1643124139.0000         0.000000         0.000000    128173.900000       -78.053640         0.000000         0.000000        59.965470         0.004886
1643124140.0000         0.000000         0.000000    128178.000000       -90.663190         0.000000         0.000000        59.966400        -0.049993
1643124141.0000         0.000000         0.000000    128167.800000      -102.672300         0.000000         0.000000        59.967300         0.028747
1643124142.0000         0.000000         0.000000    128173.500000      -114.433700         0.000000         0.000000        59.968490         0.024189
1643124143.0000         0.000000         0.000000    128182.500000      -125.596900         0.000000         0.000000        59.970780         0.070325
1643124144.0000         0.000000         0.000000    128172.900000      -136.087800         0.000000         0.000000        59.972060         0.032382
1643124145.0000         0.000000         0.000000    128163.300000      -146.207500         0.000000         0.000000        59.972680         0.098251
1643124146.0000         0.000000         0.000000    128149.500000      -155.876200         0.000000         0.000000        59.973840         0.053103
1643124147.0000         0.000000         0.000000    128167.400000      -165.437000         0.000000         0.000000        59.973590         0.019022
1643124148.0000         0.000000         0.000000    128150.900000      -174.867200         0.000000         0.000000        59.975150        -0.014707
1643124149.0000         0.000000         0.000000    128157.300000       176.085900         0.000000         0.000000        59.975380         0.028177
1643124150.0000         0.000000         0.000000    128174.400000       167.573600         0.000000         0.000000        59.977720         0.022170
1643124151.0000         0.000000         0.000000    128180.500000       160.075300         0.000000         0.000000        59.980440        -0.002464
1643124152.0000         0.000000         0.000000    128183.900000       153.071300         0.000000         0.000000        59.982160        -0.008051
1643124153.0000         0.000000         0.000000    128166.000000       146.657300         0.000000         0.000000        59.982870         0.031713
1643124154.0000         0.000000         0.000000    128172.300000       140.766800         0.000000         0.000000        59.984820         0.018562
1643124155.0000         0.000000         0.000000    128176.400000       135.697700         0.000000         0.000000        59.987180        -0.001523
1643124156.0000         0.000000         0.000000    128182.400000       131.498800         0.000000         0.000000        59.988850         0.052722
1643124157.0000         0.000000         0.000000    128172.100000       127.595100         0.000000         0.000000        59.990150         0.036553
1643124158.0000         0.000000         0.000000    128183.800000       124.152500         0.000000         0.000000        59.992370        -0.032835
1643124159.0000         0.000000         0.000000    128179.900000       121.784100         0.000000         0.000000        59.994660         0.009129
1643124160.0000         0.000000         0.000000    128187.400000       119.995000         0.000000         0.000000        59.996690         0.022002
1643124161.0000         0.000000         0.000000    128168.800000       119.113700         0.000000         0.000000        59.998250         0.008699
1643124162.0000         0.000000         0.000000    128172.600000       118.551100         0.000000         0.000000        59.999890        -0.068864
1643124163.0000         0.000000         0.000000    128152.900000       118.483000         0.000000         0.000000        60.000610         0.007887
1643124164.0000         0.000000         0.000000    128167.000000       118.445200         0.000000         0.000000        60.000600         0.043388
1643124165.0000         0.000000         0.000000    128162.800000       118.441300         0.000000         0.000000        60.000030        -0.014354
1643124166.0000         0.000000         0.000000    128144.900000       118.060300         0.000000         0.000000        59.998480         0.010907
1643124167.0000         0.000000         0.000000    128130.400000       117.070500         0.000000         0.000000        59.997470         0.024584
1643124168.0000         0.000000         0.000000    128111.900000       115.897200         0.000000         0.000000        59.996070        -0.016093
1643124169.0000         0.000000         0.000000    128116.000000       113.974300         0.000000         0.000000        59.993860         0.031437
1643124170.0000         0.000000         0.000000    128131.900000       111.433700         0.000000         0.000000        59.992500         0.003328
1643124171.0000         0.000000         0.000000    128130.100000       108.223200         0.000000         0.000000        59.991020        -0.019540
1643124172.0000         0.000000         0.000000    128123.100000       104.307500         0.000000         0.000000        59.988820         0.003895
1643124173.0000         0.000000         0.000000    128111.500000        99.551140         0.000000         0.000000        59.985040        -0.039186
1643124174.0000         0.000000         0.000000    128117.000000        93.651570         0.000000         0.000000        59.982570         0.024435
1643124175.0000         0.000000         0.000000    128135.300000        87.014750         0.000000         0.000000        59.981770        -0.005587
1643124176.0000         0.000000         0.000000    128118.000000        79.494130         0.000000         0.000000        59.978490        -0.056068
1643124177.0000         0.000000         0.000000    128125.300000        71.729050         0.000000         0.000000        59.978920         0.010644
1643124178.0000         0.000000         0.000000    128140.400000        63.749670         0.000000         0.000000        59.978520         0.017049
1643124179.0000         0.000000         0.000000    128164.700000        54.973710         0.000000         0.000000        59.974780         0.043081
