Terminal: BA2      500  ARINOS 2
Tensão base: 500 kV
SOC inicial: 1643124120
SOC final: 1643124179
Taxa: 1 fasores/s
Total de frames faltantes: - 

Tempo_(SOC)           VB_mod_(V)     VB_ang_(graus)     Frequência        Delta_Freq     Faltante
1643124120.0000    305442.100000      -160.148500        59.975050         0.077424
1643124121.0000    305421.500000      -169.177400        59.973610        -0.037188
1643124122.0000    305397.900000      -178.628800        59.973520        -0.070581
1643124123.0000    305355.900000       171.377100        59.971970        -0.082758
1643124124.0000    305438.600000       161.050000        59.970860        -0.023516
1643124125.0000    305349.000000       150.424500        59.970150        -0.005686
1643124126.0000    305337.300000       139.265900        59.968170        -0.078204
1643124127.0000    305363.700000       127.690600        59.967470         0.019978
1643124128.0000    305533.800000       116.303400        59.970700        -0.084553
1643124129.0000    305309.600000       105.110700        59.968510        -0.083779
1643124130.0000    305321.800000        93.627560        59.967730         0.092609
1643124131.0000    305238.200000        82.136520        59.966570        -0.103351
1643124132.0000    305116.500000        70.046680        59.965240        -0.171991
1643124133.0000    305205.800000        56.931370        59.963280        -0.103822
1643124134.0000    305271.500000        43.296410        59.962130        -0.078514
1643124135.0000    305160.700000        29.128830        59.959560        -0.037896
1643124136.0000    305334.800000        14.547430        59.960340         0.034790
1643124137.0000    305250.100000         0.644681        59.962840         0.037730
1643124138.0000    305134.200000       -12.613090        59.963810         0.016135
1643124139.0000    305244.800000       -25.484090        59.965390         0.067822
1643124140.0000    305108.000000       -37.919900        59.964990        -0.036460
1643124141.0000    305139.300000       -50.027790        59.967270         0.101793
1643124142.0000    305106.200000       -61.676720        59.967900        -0.069863
1643124143.0000    305180.400000       -72.895140        59.970620         0.021040
1643124144.0000    305182.800000       -83.435800        59.972220        -0.008276
1643124145.0000    305016.600000       -93.402530        59.970460        -0.012925
1643124146.0000    305118.800000      -103.076600        59.972690        -0.201751
1643124147.0000    305147.300000      -112.573700        59.973950        -0.131083
1643124148.0000    305233.400000      -122.091000        59.975220        -0.069745
1643124149.0000    305286.600000      -131.173600        59.976310        -0.010795
1643124150.0000    305344.000000      -139.739400        59.977220         0.038794
1643124151.0000    305419.000000      -147.359600        59.980500         0.025768
1643124152.0000    305258.700000      -154.198200        59.981620         0.007468
1643124153.0000    305373.000000      -160.668000        59.982440        -0.092131
1643124154.0000    305519.200000      -166.729600        59.985350        -0.075704
1643124155.0000    305503.400000      -171.753200        59.988250         0.007029
1643124156.0000    305449.300000      -176.052800        59.988400        -0.090070
1643124157.0000    305354.400000      -179.794400        59.989360         0.011735
1643124158.0000    305496.900000       176.684600        59.991800        -0.034481
1643124159.0000    305580.500000       174.180300        59.993430         0.000213
1643124160.0000    305476.100000       172.565000        59.996740        -0.141280
1643124161.0000    305601.400000       171.498900        59.997930        -0.155176
1643124162.0000    305544.000000       171.062400        59.998450         0.006661
1643124163.0000    305509.000000       171.081300        59.999810        -0.121077
1643124164.0000    305542.200000       171.060600        60.000070        -0.062560
1643124165.0000    305659.800000       170.857700        60.002110         0.025636
1643124166.0000    305464.700000       170.716800        60.001970        -0.518249
1643124167.0000    305388.300000       169.821600        59.994320        -0.539761
1643124168.0000    305555.500000       168.226900        59.994980        -0.231626
1643124169.0000    305448.900000       166.421600        59.993800        -0.088541
1643124170.0000    305451.900000       163.802100        59.990970        -0.058152
1643124171.0000    305476.300000       160.704600        59.991560        -0.174756
1643124172.0000    305371.500000       156.831400        59.988350        -0.035339
1643124173.0000    305437.400000       152.020100        59.986390        -0.001921
1643124174.0000    305267.100000       146.378700        59.981910        -0.041399
1643124175.0000    305406.800000       139.630500        59.981000        -0.043079
1643124176.0000    305417.200000       132.128900        59.979020        -0.194814
1643124177.0000    305515.800000       124.143400        59.979190         0.012854
1643124178.0000    305477.800000       116.269100        59.978960        -0.043060
1643124179.0000    305325.800000       107.680000        59.974410        -0.135113
