Terminal: BA2      440  BRACELL
Tensão base: 440 kV
SOC inicial: 1643124120
SOC final: 1643124179
Taxa: 1 fasores/s
Total de frames faltantes: - 

Tempo_(SOC)           VB_mod_(V)     VB_ang_(graus)     Frequência        Delta_Freq     Faltante
1643124120.0000    452178.000000       138.057000        59.974350        -0.003393
1643124121.0000    452204.700000       128.975800        59.974590        -0.069111
1643124122.0000    452106.000000       119.515000        59.972600        -0.054272
1643124123.0000    452501.700000       109.523800        59.972870        -0.005940
1643124124.0000    452410.600000        99.333120        59.972100         0.008875
1643124125.0000    452317.400000        88.614150        59.970130         0.012160
1643124126.0000    452317.800000        77.410350        59.968640         0.016104
1643124127.0000    452379.700000        65.839690        59.967990        -0.011857
1643124128.0000    452203.000000        54.611470        59.968280        -0.122681
1643124129.0000    452425.700000        43.135390        59.970130         0.046284
1643124130.0000    452514.600000        31.772620        59.970920        -0.110583
1643124131.0000    452022.800000        20.174950        59.963610        -0.101887
1643124132.0000    452118.600000         7.856297        59.965370         0.044153
1643124133.0000    452350.400000        -5.071043        59.964040         0.038057
1643124134.0000    452197.900000       -18.632370        59.960560         0.062649
1643124135.0000    452324.700000       -32.931710        59.960360         0.028768
1643124136.0000    452131.800000       -47.381690        59.960750        -0.125526
1643124137.0000    452181.000000       -61.449070        59.962020         0.008437
1643124138.0000    452323.300000       -74.868140        59.964420        -0.054421
1643124139.0000    452373.400000       -87.629660        59.966590         0.001692
1643124140.0000    452245.900000      -100.201600        59.967130        -0.059939
1643124141.0000    452220.400000      -112.234100        59.967140         0.107379
1643124142.0000    452251.600000      -124.003000        59.968400         0.044524
1643124143.0000    452333.300000      -135.152300        59.969950        -0.028559
1643124144.0000    452234.000000      -145.683500        59.971490         0.096109
1643124145.0000    452051.200000      -155.787900        59.972930         0.063649
1643124146.0000    451745.900000      -165.464400        59.972790         0.269555
1643124147.0000    452261.800000      -175.009200        59.973750        -0.026165
1643124148.0000    451974.700000       175.545000        59.975930        -0.025378
1643124149.0000    452106.700000       166.521800        59.975860         0.002866
1643124150.0000    452316.300000       158.037800        59.978150         0.023907
1643124151.0000    452359.800000       150.527700        59.981160        -0.003702
1643124152.0000    452330.700000       143.540800        59.981990        -0.033943
1643124153.0000    452259.700000       137.131600        59.982960         0.003626
1643124154.0000    452263.200000       131.219000        59.984790         0.035043
1643124155.0000    452243.700000       126.162900        59.987010        -0.038982
1643124156.0000    452281.900000       121.952600        59.987920         0.033013
1643124157.0000    452301.500000       118.043200        59.990550        -0.002820
1643124158.0000    452246.000000       114.619700        59.992230        -0.025996
1643124159.0000    452429.700000       112.232800        59.995290         0.006242
1643124160.0000    452392.400000       110.440200        59.996680         0.022891
1643124161.0000    452144.900000       109.519700        59.998140         0.005666
1643124162.0000    452130.100000       108.977700        59.999280        -0.015631
1643124163.0000    451965.600000       108.876000        60.000850        -0.015858
1643124164.0000    452159.700000       108.842900        60.000580         0.047474
1643124165.0000    452355.100000       108.852100        59.999650        -0.040617
1643124166.0000    452214.900000       108.485600        59.998480         0.003163
1643124167.0000    452250.800000       107.503300        59.997720        -0.019235
1643124168.0000    452430.100000       106.310900        59.996170        -0.062867
1643124169.0000    452305.600000       104.396100        59.994090         0.097665
1643124170.0000    452094.200000       101.824100        59.991420         0.010232
1643124171.0000    452075.200000        98.621350        59.990170        -0.018141
1643124172.0000    452211.400000        94.701410        59.988900         0.116157
1643124173.0000    452073.000000        89.953320        59.985120         0.025049
1643124174.0000    452054.200000        84.041240        59.982090         0.077730
1643124175.0000    452094.800000        77.453660        59.981460        -0.088882
1643124176.0000    451904.700000        69.972760        59.978090        -0.157177
1643124177.0000    452090.800000        62.178230        59.977600         0.074091
1643124178.0000    452081.300000        54.190530        59.978790         0.022186
1643124179.0000    452212.600000        45.424010        59.975070         0.039424
