Terminal: BA2      440  BAGUACU
Tensão base: 440 kV
SOC inicial: 1643124120
SOC final: 1643124179
Taxa: 1 fasores/s
Total de frames faltantes: - 

Tempo_(SOC)           VB_mod_(V)     VB_ang_(graus)     Frequência        Delta_Freq     Faltante
1643124120.0000    263293.100000       148.873900        59.974500        -0.007091
1643124121.0000    263302.800000       139.786400        59.974520        -0.056736
1643124122.0000    263247.500000       130.332400        59.972970        -0.045529
1643124123.0000    263396.800000       120.316600        59.972600        -0.007568
1643124124.0000    263383.700000       110.124800        59.971890         0.021739
1643124125.0000    263317.100000        99.409430        59.969860         0.002962
1643124126.0000    263317.500000        88.213140        59.968440         0.012052
1643124127.0000    263343.700000        76.622000        59.968000        -0.010886
1643124128.0000    263300.800000        65.388570        59.968670        -0.100909
1643124129.0000    263400.300000        53.917620        59.969450         0.051271
1643124130.0000    263448.200000        42.537760        59.970480        -0.069091
1643124131.0000    263213.800000        30.964210        59.964590        -0.099460
1643124132.0000    263267.300000        18.651420        59.965300         0.024232
1643124133.0000    263357.900000         5.712065        59.963760         0.034777
1643124134.0000    263265.300000        -7.834942        59.960720         0.045555
1643124135.0000    263328.900000       -22.142840        59.960080         0.029004
1643124136.0000    263273.500000       -36.592110        59.960830        -0.098897
1643124137.0000    263297.700000       -50.649040        59.962040        -0.003227
1643124138.0000    263353.600000       -64.062380        59.964190        -0.040122
1643124139.0000    263365.000000       -76.825930        59.966150         0.032134
1643124140.0000    263325.300000       -89.400310        59.966910        -0.028347
1643124141.0000    263285.600000      -101.426100        59.967240         0.082135
1643124142.0000    263292.200000      -113.177800        59.968300         0.030717
1643124143.0000    263351.000000      -124.346900        59.970180        -0.007147
1643124144.0000    263294.900000      -134.860000        59.971660         0.084359
1643124145.0000    263232.400000      -144.954100        59.972780         0.060910
1643124146.0000    263140.000000      -154.632200        59.973310         0.182288
1643124147.0000    263301.900000      -164.189700        59.973910        -0.017111
1643124148.0000    263199.800000      -173.625800        59.975710        -0.019689
1643124149.0000    263251.100000       177.347700        59.975690         0.006548
1643124150.0000    263343.900000       168.841800        59.977900         0.030413
1643124151.0000    263375.800000       161.329600        59.980760         0.018582
1643124152.0000    263345.400000       154.341800        59.981970        -0.012605
1643124153.0000    263326.500000       147.944000        59.982770         0.009668
1643124154.0000    263319.700000       142.010300        59.984590         0.005289
1643124155.0000    263340.300000       136.956400        59.987290        -0.014778
1643124156.0000    263356.900000       132.731900        59.988700         0.026546
1643124157.0000    263343.100000       128.845100        59.990370         0.013930
1643124158.0000    263330.300000       125.413800        59.992230        -0.038517
1643124159.0000    263392.900000       123.034400        59.994950         0.018873
1643124160.0000    263380.100000       121.240100        59.996750         0.040242
1643124161.0000    263272.100000       120.342100        59.998040         0.004276
1643124162.0000    263284.300000       119.789200        59.999230        -0.033459
1643124163.0000    263198.500000       119.721100        60.000400        -0.009600
1643124164.0000    263268.600000       119.675500        60.000290         0.015912
1643124165.0000    263315.300000       119.674300        59.999840        -0.006141
1643124166.0000    263275.100000       119.308900        59.998250         0.018639
1643124167.0000    263285.200000       118.330800        59.997730        -0.013942
1643124168.0000    263347.800000       117.122800        59.996150        -0.032489
1643124169.0000    263296.100000       115.214100        59.993880         0.079818
1643124170.0000    263222.100000       112.640700        59.991580         0.009033
1643124171.0000    263219.200000       109.447900        59.990350        -0.024068
1643124172.0000    263277.200000       105.518300        59.988770         0.084571
1643124173.0000    263219.600000       100.778500        59.985260         0.018220
1643124174.0000    263202.300000        94.879940        59.981700         0.053645
1643124175.0000    263240.100000        88.268870        59.981220        -0.067405
1643124176.0000    263182.600000        80.768670        59.978820        -0.117906
1643124177.0000    263250.500000        72.980730        59.978040         0.035422
1643124178.0000    263252.200000        64.999020        59.978250         0.026895
1643124179.0000    263271.900000        56.246750        59.974930         0.049294
