Terminal: BA2      500  BACABEIRA
Tensão base: 500 kV
SOC inicial: 1643124120
SOC final: 1643124179
Taxa: 1 fasores/s
Total de frames faltantes: - 

Tempo_(SOC)           VB_mod_(V)     VB_ang_(graus)     Frequência        Delta_Freq     Faltante
1643124120.0000    311943.300000      -142.145200        59.975300         0.012360
1643124121.0000    311940.100000      -151.158800        59.973650        -0.045776
1643124122.0000    311941.900000      -160.584200        59.973610         0.020370
1643124123.0000    311986.600000      -170.557600        59.971610         0.008240
1643124124.0000    312011.800000       179.034200        59.971660         0.002747
1643124125.0000    311942.300000       168.490700        59.969800        -0.016251
1643124126.0000    311944.900000       157.316800        59.968110        -0.012589
1643124127.0000    311955.500000       145.750500        59.966260        -0.027466
1643124128.0000    312025.600000       134.197700        59.968580        -0.017166
1643124129.0000    311943.800000       123.127600        59.969670         0.017395
1643124130.0000    311920.300000       111.663300        59.966350        -0.051041
1643124131.0000    311901.000000       100.163300        59.967820        -0.015106
1643124132.0000    311869.500000        88.208760        59.965900         0.002975
1643124133.0000    311835.000000        75.026490        59.963480         0.075760
1643124134.0000    311876.300000        61.305850        59.961320        -0.009613
1643124135.0000    311876.400000        47.230380        59.960180         0.030899
1643124136.0000    311941.100000        32.565730        59.960010        -0.002289
1643124137.0000    311950.100000        18.704350        59.962280        -0.013504
1643124138.0000    311900.700000         5.550667        59.964340         0.013962
1643124139.0000    311891.600000        -7.358112        59.965050         0.003662
1643124140.0000    311887.900000       -19.716290        59.965430        -0.044174
1643124141.0000    311889.100000       -31.875440        59.966210        -0.059280
1643124142.0000    311892.100000       -43.478870        59.968570         0.025864
1643124143.0000    311926.600000       -54.775320        59.969410        -0.006866
1643124144.0000    311933.100000       -65.338950        59.971910         0.039368
1643124145.0000    311901.200000       -75.194530        59.972710        -0.029068
1643124146.0000    311910.900000       -84.887500        59.973690         0.007095
1643124147.0000    311895.900000       -94.341080        59.974950         0.061569
1643124148.0000    311924.000000      -103.882700        59.973660         0.011215
1643124149.0000    311929.300000      -113.056400        59.975620        -0.010300
1643124150.0000    311975.800000      -121.594800        59.977210        -0.006180
1643124151.0000    312029.700000      -129.297700        59.979860        -0.031357
1643124152.0000    311973.700000      -136.056700        59.981860         0.008469
1643124153.0000    311971.000000      -142.564200        59.982650         0.020142
1643124154.0000    312011.300000      -148.635300        59.984710         0.042801
1643124155.0000    312058.900000      -153.675900        59.987600         0.046005
1643124156.0000    311993.500000      -157.935500        59.989110         0.002518
1643124157.0000    311993.500000      -161.647400        59.990360         0.018082
1643124158.0000    312035.900000      -165.232200        59.991610         0.016937
1643124159.0000    312014.300000      -167.838100        59.993920        -0.015335
1643124160.0000    312075.300000      -169.347700        59.997560        -0.000458
1643124161.0000    312076.300000      -170.449500        59.998210         0.028839
1643124162.0000    312043.100000      -170.828500        59.999150        -0.054016
1643124163.0000    312117.900000      -170.822600        60.000620        -0.036850
1643124164.0000    312061.300000      -170.810700        59.998820        -0.029068
1643124165.0000    312162.700000      -171.133900        59.998980         0.033188
1643124166.0000    312060.300000      -171.227000        60.001730         0.109863
1643124167.0000    312050.600000      -172.046000        59.996170         0.037308
1643124168.0000    312097.800000      -173.824800        59.995080         0.031128
1643124169.0000    312126.000000      -175.623000        59.995340         0.021286
1643124170.0000    312056.800000      -178.203000        59.991830        -0.029755
1643124171.0000    312070.300000       178.701900        59.991130         0.062256
1643124172.0000    312001.900000       174.900000        59.986810        -0.038910
1643124173.0000    312033.200000       170.027900        59.985470         0.001831
1643124174.0000    311985.400000       164.439600        59.982800        -0.029297
1643124175.0000    312018.700000       157.639200        59.979580         0.015106
1643124176.0000    312020.300000       150.115500        59.978970        -0.002975
1643124177.0000    312067.400000       142.107900        59.977540        -0.003662
1643124178.0000    312068.200000       134.239200        59.978010         0.027008
1643124179.0000    311980.400000       125.802500        59.974660        -0.008926
