Terminal: BA2      500  RIO NOVO SUL
Tensão base: 500 kV
SOC inicial: 1643124120
SOC final: 1643124179
Taxa: 1 fasores/s
Total de frames faltantes: - 

Tempo_(SOC)           VB_mod_(V)     VB_ang_(graus)     Frequência        Delta_Freq     Faltante
1643124120.0000    309079.400000       163.233800        59.973960        -0.040283
1643124121.0000    309073.300000       154.190400        59.973250        -0.033875
1643124122.0000    308975.800000       144.665100        59.973650         0.007095
1643124123.0000    308636.800000       134.546400        59.970830        -0.037994
1643124124.0000    308719.700000       124.273900        59.971720         0.041199
1643124125.0000    308516.600000       113.631900        59.968220        -0.053101
1643124126.0000    308755.300000       102.538500        59.968300         0.029297
1643124127.0000    308770.000000        90.917560        59.968210         0.047150
1643124128.0000    308824.600000        79.634450        59.970000         0.024948
1643124129.0000    308908.900000        68.295730        59.969720         0.007324
1643124130.0000    308919.600000        56.950180        59.968440         0.045776
1643124131.0000    308861.300000        45.471320        59.966200        -0.017395
1643124132.0000    308672.800000        33.297610        59.964640        -0.029755
1643124133.0000    309007.700000        20.229570        59.963040         0.013733
1643124134.0000    308931.400000         6.615888        59.962050        -0.017624
1643124135.0000    308843.600000        -7.625387        59.959390        -0.000687
1643124136.0000    309071.500000       -22.096300        59.961040        -0.005264
1643124137.0000    308946.100000       -35.866200        59.961630        -0.005035          *
1643124138.0000    308962.300000       -49.459050        59.962470        -0.021744
1643124139.0000    308834.800000       -62.259930        59.966900         0.072098
1643124140.0000    308718.200000       -74.929400        59.964850         0.017624
1643124141.0000    308715.700000       -86.943270        59.969030         0.151520
1643124142.0000    308717.200000       -98.692700        59.966030        -0.038681
1643124143.0000    308644.200000      -109.852100        59.970120        -0.026550
1643124144.0000    308770.200000      -120.429900        59.972610         0.044861
1643124145.0000    308872.800000      -130.401800        59.972870        -0.059967
1643124146.0000    308808.700000      -140.081800        59.975010         0.040283
1643124147.0000    308672.500000      -149.574000        59.973350        -0.013504
1643124148.0000    308760.300000      -159.046900        59.974670         0.038452
1643124149.0000    308885.400000      -168.024800        59.976430         0.022659
1643124150.0000    309058.000000      -176.508900        59.979140         0.042114
1643124151.0000    308882.000000       175.846300        59.980400         0.011902
1643124152.0000    308791.500000       168.872400        59.982100         0.014877
1643124153.0000    308764.800000       162.415000        59.983070         0.016479
1643124154.0000    309010.600000       156.546500        59.984860        -0.018311
1643124155.0000    308906.400000       151.530900        59.986330         0.024261
1643124156.0000    308929.600000       147.142300        59.988700        -0.004349
1643124157.0000    308955.300000       143.327900        59.988530         0.002060
1643124158.0000    309393.000000       140.126000        59.992850         0.004807
1643124159.0000    309276.200000       137.575800        59.994440         0.024261
1643124160.0000    309157.800000       135.865100        59.996010         0.004120
1643124161.0000    309308.900000       134.919000        59.998060        -0.005722
1643124162.0000    309317.700000       134.420700        59.999100        -0.032043
1643124163.0000    309247.500000       134.477400        59.999590        -0.002747
1643124164.0000    309285.400000       134.437100        59.999930         0.019913
1643124165.0000    309289.100000       134.356000        59.999660         0.055618
1643124166.0000    309248.400000       134.098000        59.997880         0.018997
1643124167.0000    309392.700000       133.279400        59.999050         0.046234
1643124168.0000    309296.800000       131.862800        59.995560        -0.032043
1643124169.0000    309362.600000       129.975200        59.994170        -0.012131
1643124170.0000    309332.000000       127.403200        59.991590         0.007324
1643124171.0000    309279.600000       124.401100        59.991100        -0.005035          *
1643124172.0000    309257.600000       120.398300        59.987880        -0.031128
1643124173.0000    309279.900000       115.655100        59.985570         0.017395
1643124174.0000    309223.200000       109.962700        59.981430        -0.043945
1643124175.0000    309247.900000       103.246200        59.981180        -0.017624
1643124176.0000    309431.700000        95.945620        59.979970         0.034561
1643124177.0000    309334.300000        88.030370        59.978680         0.028839
1643124178.0000    309439.400000        80.136580        59.977780         0.006866
1643124179.0000    309359.600000        71.369360        59.974200         0.005264
