Terminal: BA2220   500  ACARAU III
Tensão base: 500 kV
SOC inicial: 1643124120
SOC final: 1643124179
Taxa: 1 fasores/s
Total de frames faltantes: - 

Tempo_(SOC)           VB_mod_(V)     VB_ang_(graus)     Frequência        Delta_Freq     Faltante
1643124120.0000    312413.700000      -142.279300        59.975100        -0.019684
1643124121.0000    312350.000000      -151.305900        59.973360        -0.035706
1643124122.0000    312371.100000      -160.733700        59.974090         0.036850
1643124123.0000    312424.100000      -170.720400        59.971350         0.002518
1643124124.0000    312413.100000       178.893300        59.971330         0.007095
1643124125.0000    312251.700000       168.330500        59.970080        -0.011902
1643124126.0000    312319.200000       157.149900        59.968650         0.008926
1643124127.0000    312335.100000       145.586300        59.966210        -0.006866
1643124128.0000    312311.200000       134.066600        59.969200        -0.007782
1643124129.0000    312353.200000       122.985500        59.969020        -0.009155
1643124130.0000    312294.300000       111.516100        59.966980        -0.044174
1643124131.0000    312339.500000       100.006000        59.967780        -0.032959
1643124132.0000    312327.100000        88.020640        59.965500        -0.003204
1643124133.0000    312313.700000        74.846650        59.963130         0.054932
1643124134.0000    312247.900000        61.147950        59.961890         0.000000
1643124135.0000    312253.500000        47.053970        59.959890         0.010757
1643124136.0000    312347.100000        32.406590        59.960380         0.014648
1643124137.0000    312318.100000        18.575480        59.961640        -0.019455
1643124138.0000    312294.600000         5.396316        59.964070         0.007782
1643124139.0000    312279.800000        -7.514083        59.964070        -0.045776
1643124140.0000    312253.100000       -19.871190        59.965260        -0.023804
1643124141.0000    312310.900000       -32.024840        59.966580        -0.043030
1643124142.0000    312411.600000       -43.630790        59.968890         0.028381
1643124143.0000    312316.800000       -54.928460        59.969670         0.003891
1643124144.0000    312342.100000       -65.467540        59.971950         0.033188
1643124145.0000    312391.600000       -75.346340        59.972370        -0.069580
1643124146.0000    312348.200000       -85.023960        59.973140        -0.026550
1643124147.0000    312268.200000       -94.475010        59.974130         0.030441
1643124148.0000    312343.700000      -104.026200        59.973420         0.000458
1643124149.0000    312277.100000      -113.171300        59.975910        -0.002975
1643124150.0000    312335.800000      -121.720400        59.976930        -0.016937
1643124151.0000    312486.700000      -129.423800        59.980030        -0.022430
1643124152.0000    312388.000000      -136.206200        59.981750        -0.000687
1643124153.0000    312358.900000      -142.699200        59.982500         0.017166
1643124154.0000    312447.200000      -148.770100        59.984290         0.021515
1643124155.0000    312489.300000      -153.808400        59.987590         0.036621
1643124156.0000    312378.200000      -158.086000        59.989340         0.014648
1643124157.0000    312380.100000      -161.792300        59.990050        -0.007553
1643124158.0000    312424.700000      -165.374800        59.991140         0.007324
1643124159.0000    312317.300000      -167.957900        59.994130        -0.026779
1643124160.0000    312371.200000      -169.483600        59.997490         0.009842
1643124161.0000    312460.900000      -170.581900        59.998490         0.033875
1643124162.0000    312409.200000      -170.928600        59.999680        -0.034561
1643124163.0000    312394.400000      -170.927000        60.001620         0.000229
1643124164.0000    312443.300000      -170.924600        59.999400        -0.017624
1643124165.0000    312512.000000      -171.230600        59.998720         0.000916
1643124166.0000    312369.200000      -171.332900        60.000980         0.078278
1643124167.0000    312372.800000      -172.156700        59.996020         0.027924
1643124168.0000    312414.100000      -173.935500        59.994980         0.017624
1643124169.0000    312333.400000      -175.717900        59.995450         0.033646
1643124170.0000    312342.100000      -178.320600        59.991590        -0.044403
1643124171.0000    312394.300000       178.600300        59.990940         0.045090
1643124172.0000    312221.200000       174.829000        59.987130        -0.031128
1643124173.0000    312331.900000       169.921300        59.985450         0.016251
1643124174.0000    312510.200000       164.340500        59.982970        -0.015793
1643124175.0000    312324.300000       157.547400        59.979400         0.001144
1643124176.0000    312289.200000       150.037600        59.979100         0.021973
1643124177.0000    312397.600000       142.038500        59.977230         0.004578
1643124178.0000    312390.200000       134.160600        59.977670         0.007553
1643124179.0000    312271.700000       125.701500        59.974570         0.010986
