Terminal: BA2220   500  PARNAIBA III
Tensão base: 500 kV
SOC inicial: 1643124120
SOC final: 1643124179
Taxa: 1 fasores/s
Total de frames faltantes: - 

Tempo_(SOC)           VB_mod_(V)     VB_ang_(graus)     Frequência        Delta_Freq     Faltante
1643124120.0000    309658.900000      -142.402800        59.975280         0.000000
1643124121.0000    309636.100000      -151.423100        59.973580        -0.028839
1643124122.0000    309644.600000      -160.848400        59.973780         0.023117
1643124123.0000    309683.900000      -170.836200        59.971210         0.016251
1643124124.0000    309709.500000       178.773300        59.971200        -0.011673
1643124125.0000    309581.300000       168.212600        59.970240         0.005264
1643124126.0000    309620.000000       157.038000        59.969060         0.026321
1643124127.0000    309624.700000       145.470600        59.966440        -0.002975
1643124128.0000    309622.300000       133.939200        59.969590         0.017395
1643124129.0000    309643.700000       122.860400        59.969330        -0.003662
1643124130.0000    309608.800000       111.389800        59.966500        -0.051956
1643124131.0000    309625.400000        99.884210        59.967660        -0.019455
1643124132.0000    309608.500000        87.907430        59.965590         0.011902
1643124133.0000    309613.500000        74.732170        59.963000         0.058365
1643124134.0000    309585.100000        61.027500        59.961890         0.014648
1643124135.0000    309579.900000        46.939560        59.960040         0.010071
1643124136.0000    309625.200000        32.286840        59.960120        -0.007553
1643124137.0000    309656.500000        18.449050        59.962450         0.006180
1643124138.0000    309581.000000         5.277674        59.964270         0.010071
1643124139.0000    309570.900000        -7.634514        59.964070        -0.042114
1643124140.0000    309565.300000       -19.992760        59.964970        -0.052643
1643124141.0000    309620.800000       -32.147830        59.966190        -0.072327
1643124142.0000    309661.400000       -43.752210        59.968300         0.005722
1643124143.0000    309619.700000       -55.049060        59.969620         0.004349
1643124144.0000    309630.100000       -65.595860        59.971590         0.026550
1643124145.0000    309631.300000       -75.468390        59.972510        -0.057449
1643124146.0000    309626.400000       -85.147420        59.973080        -0.031815
1643124147.0000    309599.200000       -94.599780        59.974550         0.038223
1643124148.0000    309631.500000      -104.145900        59.973690        -0.005264
1643124149.0000    309582.800000      -113.301000        59.975590        -0.015335
1643124150.0000    309630.400000      -121.849000        59.976940        -0.024719
1643124151.0000    309723.500000      -129.550700        59.980000        -0.025864
1643124152.0000    309637.500000      -136.325000        59.981640        -0.001602
1643124153.0000    309632.700000      -142.825700        59.982850         0.033646
1643124154.0000    309691.300000      -148.894700        59.984590         0.014648
1643124155.0000    309730.600000      -153.935400        59.987440         0.037994
1643124156.0000    309656.300000      -158.203500        59.989680         0.022202
1643124157.0000    309647.700000      -161.917200        59.989780        -0.014191
1643124158.0000    309701.200000      -165.498200        59.990910        -0.017166
1643124159.0000    309647.700000      -168.087200        59.994210        -0.016479
1643124160.0000    309690.700000      -169.606100        59.997790         0.016937
1643124161.0000    309722.700000      -170.707500        59.998660         0.037308
1643124162.0000    309679.600000      -171.065500        59.999560        -0.035019
1643124163.0000    309701.500000      -171.061900        60.001490        -0.004349
1643124164.0000    309712.900000      -171.057900        59.999360        -0.011444
1643124165.0000    309785.200000      -171.366700        59.998330        -0.004578
1643124166.0000    309661.900000      -171.464300        60.000680         0.054932
1643124167.0000    309669.500000      -172.290900        59.996330         0.045090
1643124168.0000    309698.100000      -174.064600        59.994950         0.006180
1643124169.0000    309677.100000      -175.851100        59.995700         0.040283
1643124170.0000    309639.100000      -178.447000        59.991430        -0.063629
1643124171.0000    309693.500000       178.468900        59.991470         0.065460
1643124172.0000    309561.900000       174.688100        59.986800        -0.051270
1643124173.0000    309654.600000       169.791000        59.985600         0.021973
1643124174.0000    309713.500000       164.209500        59.982990        -0.022659
1643124175.0000    309660.900000       157.408800        59.979590         0.030670
1643124176.0000    309630.400000       149.898400        59.979200         0.026093
1643124177.0000    309666.800000       141.898200        59.977330         0.013275
1643124178.0000    309663.900000       134.028200        59.977840         0.004807
1643124179.0000    309595.000000       125.571900        59.974680         0.004120
