Terminal: BA601    345  RIO NOVO SUL
Tensão base: 345 kV
SOC inicial: 1643124120
SOC final: 1643124179
Taxa: 1 fasores/s
Total de frames faltantes: - 

Tempo_(SOC)           VA_mod_(V)     VA_ang_(graus)     VB_mod_(V)     VB_ang_(graus)     Frequência        Delta_Freq     Faltante
1643124120.0000         0.000000         0.000000    203014.400000       163.329000        59.974590        -0.014497
1643124121.0000         0.000000         0.000000    202999.500000       154.284100        59.973740        -0.009612
1643124122.0000         0.000000         0.000000    202948.800000       144.755500        59.973740        -0.008777
1643124123.0000         0.000000         0.000000    202713.300000       134.634600        59.971680        -0.015814
1643124124.0000         0.000000         0.000000    202770.700000       124.355200        59.971450        -0.001333
1643124125.0000         0.000000         0.000000    202698.300000       113.713400        59.969260        -0.007896
1643124126.0000         0.000000         0.000000    202801.300000       102.620200        59.968550         0.016327
1643124127.0000         0.000000         0.000000    202830.400000        90.993090        59.968300         0.024386
1643124128.0000         0.000000         0.000000    202857.300000        79.711640        59.969710        -0.035926
1643124129.0000         0.000000         0.000000    202941.000000        68.374600        59.969910        -0.007675
1643124130.0000         0.000000         0.000000    202918.200000        57.041370        59.968190        -0.007653
1643124131.0000         0.000000         0.000000    202892.000000        45.566690        59.966850        -0.000633
1643124132.0000         0.000000         0.000000    202808.400000        33.373710        59.965000        -0.018197
1643124133.0000         0.000000         0.000000    202955.300000        20.322710        59.963650         0.028572
1643124134.0000         0.000000         0.000000    202920.800000         6.713893        59.962190        -0.026387
1643124135.0000         0.000000         0.000000    202880.200000        -7.527997        59.959670         0.031212
1643124136.0000         0.000000         0.000000    203004.200000       -22.004570        59.961220        -0.010133
1643124137.0000         0.000000         0.000000    202948.800000       -36.010120        59.962740         0.013391
1643124138.0000         0.000000         0.000000    202971.200000       -49.395890        59.963330         0.028391
1643124139.0000         0.000000         0.000000    202861.000000       -62.194810        59.966310        -0.013002
1643124140.0000         0.000000         0.000000    202806.300000       -74.884640        59.965370         0.027027
1643124141.0000         0.000000         0.000000    202833.800000       -86.891650        59.967960         0.020665
1643124142.0000         0.000000         0.000000    202828.600000       -98.653920        59.967530         0.083469
1643124143.0000         0.000000         0.000000    202801.400000      -109.811500        59.970050        -0.050274
1643124144.0000         0.000000         0.000000    202863.400000      -120.383900        59.972470        -0.002609
1643124145.0000         0.000000         0.000000    202942.300000      -130.340200        59.974250         0.014003
1643124146.0000         0.000000         0.000000    202913.100000      -140.015100        59.974720         0.002627
1643124147.0000         0.000000         0.000000    202810.000000      -149.511100        59.973610        -0.004873
1643124148.0000         0.000000         0.000000    202877.600000      -158.972500        59.974910         0.038077
1643124149.0000         0.000000         0.000000    202946.800000      -167.954800        59.976480         0.009262
1643124150.0000         0.000000         0.000000    203037.100000      -176.444000        59.979220         0.047672
1643124151.0000         0.000000         0.000000    202911.300000       175.897200        59.980350         0.003985
1643124152.0000         0.000000         0.000000    202882.400000       168.920800        59.981800        -0.006411
1643124153.0000         0.000000         0.000000    202831.100000       162.456300        59.983110         0.035198
1643124154.0000         0.000000         0.000000    202962.400000       156.593500        59.985250        -0.025716
1643124155.0000         0.000000         0.000000    202906.700000       151.578600        59.986450         0.028377
1643124156.0000         0.000000         0.000000    202912.400000       147.188000        59.989310         0.018891
1643124157.0000         0.000000         0.000000    202933.900000       143.375500        59.988960         0.035244
1643124158.0000         0.000000         0.000000    203208.200000       140.198400        59.992810        -0.011184
1643124159.0000         0.000000         0.000000    203137.500000       137.639200        59.994630         0.026719
1643124160.0000         0.000000         0.000000    203066.900000       135.929000        59.996520         0.027463
1643124161.0000         0.000000         0.000000    203136.900000       134.977400        59.998170        -0.013263
1643124162.0000         0.000000         0.000000    203140.600000       134.466500        59.999350        -0.034932
1643124163.0000         0.000000         0.000000    203121.000000       134.530200        59.999780         0.007690
1643124164.0000         0.000000         0.000000    203147.200000       134.493700        59.999870         0.000808
1643124165.0000         0.000000         0.000000    203124.600000       134.431700        59.999530         0.021277
1643124166.0000         0.000000         0.000000    203124.200000       134.179900        59.997850         0.015445
1643124167.0000         0.000000         0.000000    203222.700000       133.363100        59.998620        -0.022275
1643124168.0000         0.000000         0.000000    203136.900000       131.962900        59.996640         0.015426
1643124169.0000         0.000000         0.000000    203214.200000       130.079300        59.994100        -0.025894
1643124170.0000         0.000000         0.000000    203180.200000       127.516400        59.992100         0.069106
1643124171.0000         0.000000         0.000000    203142.800000       124.456200        59.990220         0.013314
1643124172.0000         0.000000         0.000000    203126.000000       120.511000        59.988260        -0.017070
1643124173.0000         0.000000         0.000000    203127.000000       115.770000        59.985310         0.007044
1643124174.0000         0.000000         0.000000    203101.500000       110.059900        59.982760         0.031437
1643124175.0000         0.000000         0.000000    203120.600000       103.346800        59.981140        -0.047790
1643124176.0000         0.000000         0.000000    203217.300000        96.062210        59.980030         0.004864
1643124177.0000         0.000000         0.000000    203177.800000        88.153080        59.978810         0.006813
1643124178.0000         0.000000         0.000000    203207.800000        80.260990        59.977830        -0.031683
1643124179.0000         0.000000         0.000000    203180.300000        71.482810        59.974880         0.011369
