Terminal: BAA      525  C.NOVOS
Tensão base: 525 kV
SOC inicial: 1643124120
SOC final: 1643124179
Taxa: 1 fasores/s
Total de frames faltantes: - 

Tempo_(SOC)           VA_mod_(V)     VA_ang_(graus)     Frequência        Delta_Freq     Faltante
1643124120.0000    309826.200000      -128.897600        59.975220        -0.005035
1643124121.0000    309790.800000      -138.015800        59.974130        -0.044174
1643124122.0000    309795.900000      -147.461200        59.972820         0.026321
1643124123.0000    309793.200000      -157.372200        59.971960         0.003433
1643124124.0000    309880.800000      -167.555600        59.971620         0.026321
1643124125.0000    309828.400000      -178.272400        59.971360         0.099335
1643124126.0000    309784.000000       170.483400        59.967620        -0.013504
1643124127.0000    309712.600000       158.831800        59.967910         0.056305
1643124128.0000    309839.700000       147.696300        59.968550        -0.001602
1643124129.0000    309828.400000       136.105300        59.967770        -0.011444
1643124130.0000    309903.300000       124.856600        59.969220         0.050812
1643124131.0000    309688.100000       113.199600        59.967090         0.031128
1643124132.0000    309704.200000       100.895000        59.965750         0.000229
1643124133.0000    309698.200000        87.955090        59.962600        -0.081024
1643124134.0000    309720.900000        74.414060        59.960930        -0.035934
1643124135.0000    309846.900000        60.159630        59.959980        -0.008926
1643124136.0000    309801.000000        45.658230        59.959190        -0.031815
1643124137.0000    309839.600000        31.599480        59.962230         0.030212
1643124138.0000    309928.300000        18.155430        59.963980        -0.019455
1643124139.0000    309719.600000         5.424800        59.965130         0.028381
1643124140.0000    309789.800000        -7.173411        59.965770         0.010986
1643124141.0000    309777.800000       -19.209790        59.967670         0.037308
1643124142.0000    309741.500000       -30.977570        59.967480         0.030899
1643124143.0000    309768.700000       -42.111460        59.969520         0.021515
1643124144.0000    309896.000000       -52.601180        59.971450        -0.000229
1643124145.0000    309797.900000       -62.781520        59.972500         0.005264
1643124146.0000    309770.900000       -72.428150        59.975090         0.058136
1643124147.0000    309905.300000       -81.967190        59.972850        -0.047150
1643124148.0000    309817.600000       -91.338230        59.973660        -0.059738
1643124149.0000    309837.400000      -100.388200        59.975830        -0.002060
1643124150.0000    309883.200000      -108.962700        59.977640         0.035477
1643124151.0000    309737.100000      -116.503100        59.980440         0.027466
1643124152.0000    309858.600000      -123.433500        59.981520        -0.017395
1643124153.0000    309877.100000      -129.851800        59.983480         0.024033
1643124154.0000    309813.800000      -135.676100        59.985280         0.013046
1643124155.0000    309769.000000      -140.835300        59.988030         0.012360
1643124156.0000    309712.700000      -144.909500        59.988220         0.001602
1643124157.0000    309861.800000      -148.858300        59.990620         0.017166
1643124158.0000    309834.700000      -152.294000        59.992260         0.026321
1643124159.0000    309694.500000      -154.701300        59.993740        -0.014191
1643124160.0000    309819.700000      -156.484100        59.996570        -0.029755
1643124161.0000    309778.100000      -157.375100        59.997540        -0.039368
1643124162.0000    309664.500000      -157.992200        59.997500        -0.078506
1643124163.0000    309656.000000      -158.105800        60.000190        -0.008240
1643124164.0000    309690.900000      -158.065200        60.001130         0.009384
1643124165.0000    309740.900000      -158.037100        59.999220        -0.013504
1643124166.0000    309633.000000      -158.484200        59.997470        -0.031128
1643124167.0000    309576.300000      -159.457800        59.999110         0.086517
1643124168.0000    309604.000000      -160.553300        59.995030        -0.002289
1643124169.0000    309518.800000      -162.590900        59.994120         0.040512
1643124170.0000    309648.800000      -165.068700        59.992380         0.054245
1643124171.0000    309723.000000      -168.290100        59.990410         0.007095
1643124172.0000    309650.900000      -172.256100        59.987610         0.009384
1643124173.0000    309710.900000      -176.974000        59.986690         0.017853
1643124174.0000    309587.000000       177.078900        59.982050        -0.038223
1643124175.0000    309672.100000       170.471500        59.979940        -0.049210
1643124176.0000    309695.300000       163.009800        59.978280         0.010757
1643124177.0000    309662.200000       155.238200        59.978360        -0.016022
1643124178.0000    309612.900000       147.233000        59.977810         0.058594
1643124179.0000    309683.100000       138.454800        59.975350         0.010986
