Terminal: BAA      525  AREIA
Tensão base: 525 kV
SOC inicial: 1643124120
SOC final: 1643124179
Taxa: 1 fasores/s
Total de frames faltantes: - 

Tempo_(SOC)           VA_mod_(V)     VA_ang_(graus)     Frequência        Delta_Freq     Faltante
1643124120.0000    313167.300000      -113.271900        59.974970        -0.008240
1643124121.0000    313105.400000      -122.378100        59.974560        -0.021973
1643124122.0000    313063.500000      -131.818000        59.973140         0.026779
1643124123.0000    313098.900000      -141.753700        59.972810         0.013504
1643124124.0000    313178.300000      -151.942500        59.971420         0.017624
1643124125.0000    313082.300000      -162.653400        59.970530         0.042114
1643124126.0000    313083.700000      -173.893500        59.967810        -0.020142
1643124127.0000    313066.500000       174.480100        59.967820         0.020828
1643124128.0000    313129.000000       163.322400        59.967880        -0.004578
1643124129.0000    313105.100000       151.771200        59.967940         0.023117
1643124130.0000    313232.400000       140.476400        59.970100         0.076447
1643124131.0000    312948.700000       128.858200        59.967160         0.008926
1643124132.0000    312991.400000       116.555200        59.965780        -0.004578
1643124133.0000    312977.500000       103.611200        59.962220        -0.103455
1643124134.0000    313001.600000        90.071450        59.961700        -0.005035
1643124135.0000    313151.300000        75.801490        59.959890        -0.015106
1643124136.0000    313124.200000        61.321950        59.959140        -0.046005
1643124137.0000    313101.700000        47.247560        59.963010         0.064087
1643124138.0000    313256.900000        33.805300        59.963610        -0.032730
1643124139.0000    313030.100000        21.084160        59.965450         0.034790
1643124140.0000    313127.900000         8.479658        59.966080         0.033875
1643124141.0000    313026.400000        -3.552393        59.967750         0.032043
1643124142.0000    313027.200000       -15.309920        59.967380         0.004120
1643124143.0000    313112.700000       -26.466370        59.968830        -0.008698
1643124144.0000    313177.200000       -36.951830        59.971560         0.016937
1643124145.0000    313055.300000       -47.120290        59.972600         0.007324
1643124146.0000    313018.800000       -56.764750        59.975370         0.095444
1643124147.0000    313120.500000       -66.317170        59.973240        -0.024719
1643124148.0000    313066.200000       -75.693250        59.973790        -0.064774
1643124149.0000    313087.300000       -84.731160        59.975810         0.010986
1643124150.0000    313160.200000       -93.275320        59.977690         0.065460
1643124151.0000    313099.600000      -100.801700        59.980350         0.035019
1643124152.0000    313185.800000      -107.752200        59.981470        -0.033646
1643124153.0000    313110.300000      -114.162500        59.983320         0.037766
1643124154.0000    313053.100000      -119.983300        59.985690         0.027008
1643124155.0000    313111.500000      -125.091300        59.987430         0.013275
1643124156.0000    313047.200000      -129.194400        59.988530        -0.011673
1643124157.0000    313134.700000      -133.138600        59.990330         0.040054
1643124158.0000    313084.900000      -136.569600        59.991950        -0.005722
1643124159.0000    312927.800000      -138.960200        59.993720        -0.008469
1643124160.0000    313091.500000      -140.740800        59.996310        -0.028381
1643124161.0000    313013.000000      -141.645400        59.997760        -0.028839
1643124162.0000    312933.200000      -142.216400        59.997720        -0.096130
1643124163.0000    312862.500000      -142.322100        59.999910         0.014648
1643124164.0000    312900.900000      -142.294300        60.001150         0.003433
1643124165.0000    312923.500000      -142.297900        59.999470        -0.010300
1643124166.0000    312859.100000      -142.728200        59.997830        -0.013275
1643124167.0000    312847.300000      -143.713000        59.998440         0.056763
1643124168.0000    312869.800000      -144.824000        59.995670        -0.031586
1643124169.0000    312817.500000      -146.823200        59.993630         0.012131
1643124170.0000    312930.400000      -149.325200        59.991920         0.024490
1643124171.0000    312930.400000      -152.566400        59.989870        -0.002975
1643124172.0000    312923.200000      -156.509100        59.988710         0.043030
1643124173.0000    312918.300000      -161.258400        59.985900        -0.013046
1643124174.0000    312899.700000      -167.196300        59.982460        -0.003433
1643124175.0000    312899.100000      -173.803700        59.980000        -0.032959
1643124176.0000    312863.700000       178.709800        59.977750        -0.019684
1643124177.0000    312970.900000       170.959200        59.978390        -0.014648
1643124178.0000    312865.100000       162.955000        59.977390         0.043030
1643124179.0000    312891.700000       154.164200        59.975560         0.014191
