Terminal: BAA1     500  S.DA MESA
Tensão base: 500 kV
SOC inicial: 1643124120
SOC final: 1643124179
Taxa: 1 fasores/s
Total de frames faltantes: - 

Tempo_(SOC)           VB_mod_(V)     VB_ang_(graus)     Frequência        Delta_Freq     Faltante
1643124120.0000    306926.400000      -158.650900        59.973360        -0.124097
1643124121.0000    306879.700000      -167.673900        59.973030        -0.081171
1643124122.0000    306864.600000      -177.105500        59.972810        -0.083787
1643124123.0000    306872.700000       172.885600        59.971320        -0.149081
1643124124.0000    306929.700000       162.557200        59.970800        -0.099436
1643124125.0000    306831.900000       151.933200        59.969120        -0.000371
1643124126.0000    306840.500000       140.779100        59.967910        -0.075667
1643124127.0000    306859.000000       129.203600        59.967010        -0.052808
1643124128.0000    307057.900000       117.790700        59.968830        -0.007932
1643124129.0000    306830.700000       106.605400        59.968480        -0.036481
1643124130.0000    306858.000000        95.140110        59.966530        -0.095204
1643124131.0000    306765.700000        83.631860        59.966700        -0.144293
1643124132.0000    306583.200000        71.546700        59.964270        -0.081360
1643124133.0000    306702.500000        58.447410        59.963170        -0.010262
1643124134.0000    306784.900000        44.794680        59.960520         0.011229
1643124135.0000    306672.400000        30.626240        59.958390        -0.060762
1643124136.0000    306876.000000        16.045920        59.959320         0.006422
1643124137.0000    306766.000000         2.125885        59.960900        -0.046223
1643124138.0000    306610.500000       -11.121420        59.961670        -0.120172
1643124139.0000    306730.900000       -23.971780        59.963690        -0.054441
1643124140.0000    306592.100000       -36.408030        59.965100        -0.015467
1643124141.0000    306623.600000       -48.517590        59.964500        -0.037942
1643124142.0000    306549.000000       -60.172460        59.967420        -0.109591
1643124143.0000    306683.800000       -71.411910        59.969590         0.022743
1643124144.0000    306663.800000       -81.947020        59.970440        -0.091735
1643124145.0000    306519.900000       -91.903960        59.970020        -0.300998
1643124146.0000    306596.200000      -101.599300        59.968010        -0.521444
1643124147.0000    306689.200000      -111.097200        59.976260        -0.059008
1643124148.0000    306747.900000      -120.626000        59.974250         0.077839
1643124149.0000    306845.300000      -129.708900        59.975310         0.010131
1643124150.0000    306868.900000      -138.259000        59.976300        -0.050425
1643124151.0000    306932.500000      -145.895300        59.979790         0.018168
1643124152.0000    306818.000000      -152.722200        59.981250        -0.133290
1643124153.0000    306899.000000      -159.182300        59.981840        -0.024759
1643124154.0000    306974.000000      -165.248600        59.984630        -0.079836
1643124155.0000    306949.500000      -170.272300        59.986760         0.051819
1643124156.0000    306950.800000      -174.565300        59.987160        -0.240492
1643124157.0000    306843.800000      -178.315900        59.988670        -0.030869
1643124158.0000    306991.000000       178.163200        59.991730        -0.060195
1643124159.0000    307103.200000       175.644600        59.993180        -0.064737
1643124160.0000    306955.600000       174.034000        59.994760        -0.176165
1643124161.0000    307065.600000       172.985400        59.996560        -0.068262
1643124162.0000    307004.800000       172.533800        59.996910        -0.155154
1643124163.0000    306974.200000       172.555400        59.999450        -0.282914
1643124164.0000    307010.600000       172.534900        59.999390        -0.095661
1643124165.0000    307177.000000       172.316400        60.008380         0.926700
1643124166.0000    306886.300000       172.187800        60.008490         0.014690
1643124167.0000    306828.000000       171.263800        59.990350        -0.717629
1643124168.0000    307014.700000       169.684000        59.994960        -0.348297
1643124169.0000    306983.600000       167.877100        59.993290        -0.113302
1643124170.0000    306951.000000       165.282800        59.990050        -0.259145
1643124171.0000    306960.500000       162.164700        59.991390        -0.081830
1643124172.0000    306866.800000       158.306300        59.986770        -0.045099
1643124173.0000    306921.300000       153.481600        59.985150        -0.081958
1643124174.0000    306784.900000       147.829300        59.981460        -0.237196
1643124175.0000    306937.300000       141.080200        59.980190         0.094635
1643124176.0000    306955.800000       133.578600        59.978340        -0.078760
1643124177.0000    307039.700000       125.609100        59.977970         0.106148
1643124178.0000    306998.900000       117.737800        59.978490         0.040406
1643124179.0000    306802.100000       109.167600        59.972630        -0.175762
