Terminal: BAA1      525  IVAIPORA ELS
Tensão base: 525 kV
SOC inicial: 1643124120
SOC final: 1643124179
Taxa: 1 fasores/s
Total de frames faltantes: - 

Tempo_(SOC)           VA_mod_(V)     VA_ang_(graus)     Frequência        Delta_Freq     Faltante
1643124120.0000    313669.600000      -105.753600        59.974290        -0.005493
1643124121.0000    313534.500000      -114.848000        59.974050        -0.046005
1643124122.0000    313536.600000      -124.289200        59.973300         0.014420
1643124123.0000    313610.100000      -134.248000        59.972420        -0.015564
1643124124.0000    313690.700000      -144.443600        59.971630         0.020142
1643124125.0000    313639.500000      -155.149900        59.970650         0.043488
1643124126.0000    313507.900000      -166.377900        59.967750        -0.020142
1643124127.0000    313651.600000      -177.975500        59.967560         0.003891
1643124128.0000    313681.600000       170.826100        59.968490         0.002060
1643124129.0000    313622.900000       159.308000        59.967690         0.027237
1643124130.0000    313733.700000       147.982400        59.969650         0.047379
1643124131.0000    313420.000000       136.377300        59.965470        -0.057678
1643124132.0000    313446.400000       124.077600        59.965320        -0.007782
1643124133.0000    313519.200000       111.144500        59.963030        -0.043488
1643124134.0000    313411.900000        97.599330        59.961530         0.018082
1643124135.0000    313613.500000        83.318210        59.959890         0.008469
1643124136.0000    313627.300000        68.856910        59.959180        -0.063858
1643124137.0000    313598.400000        54.775620        59.962490         0.043488
1643124138.0000    313749.100000        41.341430        59.964150         0.018768
1643124139.0000    313608.900000        28.609440        59.966450         0.075302
1643124140.0000    313619.500000        16.009060        59.966370         0.036392
1643124141.0000    313615.200000         3.990995        59.967910         0.010986
1643124142.0000    313587.700000        -7.772833        59.967580         0.012589
1643124143.0000    313721.100000       -18.938510        59.968930        -0.024948
1643124144.0000    313724.700000       -29.431570        59.971630         0.032272
1643124145.0000    313603.800000       -39.577410        59.972660         0.021057
1643124146.0000    313570.300000       -49.231610        59.975080         0.078964
1643124147.0000    313664.100000       -58.784550        59.973290        -0.021744
1643124148.0000    313650.000000       -68.181050        59.974000        -0.073013
1643124149.0000    313627.400000       -77.219200        59.975720         0.005264
1643124150.0000    313760.400000       -85.745160        59.977550         0.028152
1643124151.0000    313726.200000       -93.271720        59.980670         0.032043
1643124152.0000    313814.900000      -100.237400        59.980920        -0.039139
1643124153.0000    313598.500000      -106.659700        59.982510         0.003891
1643124154.0000    313702.400000      -112.499100        59.984810        -0.020828
1643124155.0000    313746.700000      -117.591900        59.987530         0.032501
1643124156.0000    313751.100000      -121.739600        59.988970        -0.006180
1643124157.0000    313765.100000      -125.674100        59.990400         0.047836
1643124158.0000    313786.800000      -129.095400        59.992600         0.004807
1643124159.0000    313707.300000      -131.487600        59.993660         0.004578
1643124160.0000    313798.600000      -133.266200        59.996250        -0.013962
1643124161.0000    313674.300000      -134.181500        59.997880        -0.014648
1643124162.0000    313628.700000      -134.741800        59.998180        -0.073929
1643124163.0000    313497.900000      -134.838500        60.000780         0.032730
1643124164.0000    313623.500000      -134.831600        60.000570        -0.000916
1643124165.0000    313604.100000      -134.834400        59.999140        -0.002518
1643124166.0000    313497.700000      -135.243700        59.997230        -0.034103
1643124167.0000    313513.500000      -136.230700        59.997910         0.036621
1643124168.0000    313603.000000      -137.373000        59.995920        -0.024490
1643124169.0000    313506.800000      -139.335500        59.994220         0.027924
1643124170.0000    313514.300000      -141.856900        59.991220        -0.013504
1643124171.0000    313463.600000      -145.084900        59.989480        -0.031815
1643124172.0000    313511.300000      -149.013800        59.988110         0.012360
1643124173.0000    313445.700000      -153.782000        59.985370        -0.021973
1643124174.0000    313390.800000      -159.702700        59.982690         0.015564
1643124175.0000    313457.200000      -166.310600        59.979630        -0.042572
1643124176.0000    313398.600000      -173.802000        59.977260        -0.074844
1643124177.0000    313618.300000       178.447300        59.978910        -0.022202
1643124178.0000    313475.000000       170.444100        59.977920         0.048065
1643124179.0000    313436.500000       161.661400        59.975680         0.035248
