Terminal: BAA5     500  ITUMBIARA
Tensão base: 440 kV
SOC inicial: 1643124120
SOC final: 1643124179
Taxa: 1 fasores/s
Total de frames faltantes: - 

Tempo_(SOC)           VB_mod_(V)     VB_ang_(graus)     Frequência        Delta_Freq     Faltante
1643124120.0000         0.000000       178.195600        59.975000         0.000000
1643124121.0000         0.000000       169.125700        59.974000        -0.020000
1643124122.0000         0.000000       159.689100        59.973000        -0.030000
1643124123.0000         0.000000       149.645100        59.972000        -0.010000
1643124124.0000         0.000000       139.394900        59.971000         0.020000
1643124125.0000         0.000000       128.732200        59.970000         0.000000
1643124126.0000         0.000000       117.576700        59.968000         0.000000
1643124127.0000         0.000000       105.962800        59.968000         0.010000
1643124128.0000         0.000000        94.681270        59.969000        -0.050000
1643124129.0000         0.000000        83.319520        59.968000         0.030000
1643124130.0000         0.000000        71.900470        59.970000         0.020000
1643124131.0000         0.000000        60.389750        59.966000        -0.040000
1643124132.0000         0.000000        48.168560        59.965000         0.000000
1643124133.0000         0.000000        35.139500        59.963000         0.010000
1643124134.0000         0.000000        21.566130        59.962000         0.000000
1643124135.0000         0.000000         7.305212        59.959000         0.010000
1643124136.0000         0.000000        -7.184891        59.961000        -0.020000
1643124137.0000         0.000000       -21.176520        59.962000         0.000000
1643124138.0000         0.000000       -34.532170        59.964000         0.020000
1643124139.0000         0.000000       -47.314850        59.966000         0.040000
1643124140.0000         0.000000       -59.839710        59.966000         0.010000
1643124141.0000         0.000000       -71.889020        59.967000         0.040000
1643124142.0000         0.000000       -83.628920        59.967000         0.010000
1643124143.0000         0.000000       -94.824520        59.970000         0.000000
1643124144.0000         0.000000      -105.344000        59.972000         0.010000
1643124145.0000         0.000000      -115.376500        59.972000         0.040000
1643124146.0000         0.000000      -125.053800        59.973000         0.050000
1643124147.0000         0.000000      -134.587800        59.974000         0.000000
1643124148.0000         0.000000      -144.064500        59.975000         0.020000
1643124149.0000         0.000000      -153.111500        59.976000         0.010000
1643124150.0000         0.000000      -161.642900        59.978000         0.040000
1643124151.0000         0.000000      -169.188700        59.980000         0.030000
1643124152.0000         0.000000      -176.121500        59.982000         0.000000
1643124153.0000         0.000000       177.479400        59.982000         0.000000
1643124154.0000         0.000000       171.480500        59.985000        -0.030000
1643124155.0000         0.000000       166.438500        59.988000         0.020000
1643124156.0000         0.000000       162.147000        59.989000         0.000000
1643124157.0000         0.000000       158.354100        59.990000         0.030000
1643124158.0000         0.000000       154.887700        59.992000        -0.010000
1643124159.0000         0.000000       152.458300        59.995000         0.030000
1643124160.0000         0.000000       150.733700        59.996000         0.030000
1643124161.0000         0.000000       149.765400        59.997000         0.000000
1643124162.0000         0.000000       149.272700        59.999000        -0.020000
1643124163.0000         0.000000       149.267000        60.000000         0.000000
1643124164.0000         0.000000       149.192500        60.000000         0.000000
1643124165.0000         0.000000       149.100800        60.001000         0.020000
1643124166.0000         0.000000       148.837200        59.999000        -0.060000
1643124167.0000         0.000000       147.891900        59.996000         0.020000
1643124168.0000         0.000000       146.505300        59.996000         0.000000
1643124169.0000         0.000000       144.648900        59.994000         0.020000
1643124170.0000         0.000000       142.070600        59.992000         0.010000
1643124171.0000         0.000000       138.919300        59.990000        -0.010000
1643124172.0000         0.000000       135.011800        59.988000         0.020000
1643124173.0000         0.000000       134.352900        59.988000         0.010000          *
1643124174.0000         0.000000       134.352900        59.988000         0.010000          *
1643124175.0000         0.000000       134.352900        59.988000         0.010000          *
1643124176.0000         0.000000       134.352900        59.988000         0.010000          *
1643124177.0000         0.000000       134.352900        59.988000         0.010000          *
1643124178.0000         0.000000       134.352900        59.988000         0.010000          *
1643124179.0000         0.000000       134.352900        59.988000         0.010000          *
