Terminal: BAB 500  ITUMBIARA - STSB
Tensão base: 500 kV
SOC inicial: 1643124120
SOC final: 1643124179
Taxa: 1 fasores/s
Total de frames faltantes: - 

Tempo_(SOC)           VB_mod_(V)     VB_ang_(graus)     Frequência        Delta_Freq     Faltante
1643124120.0000         0.000000       178.361800        59.975000         0.000000
1643124121.0000         0.000000       169.286100        59.974000        -0.020000
1643124122.0000         0.000000       159.855200        59.973000        -0.030000
1643124123.0000         0.000000       149.811300        59.972000        -0.010000
1643124124.0000         0.000000       139.561100        59.971000         0.010000
1643124125.0000         0.000000       128.892600        59.970000         0.010000
1643124126.0000         0.000000       117.742800        59.968000         0.000000
1643124127.0000         0.000000       106.129000        59.968000         0.000000
1643124128.0000         0.000000        94.847430        59.969000        -0.050000
1643124129.0000         0.000000        83.485680        59.968000         0.030000
1643124130.0000         0.000000        72.072360        59.969000         0.010000
1643124131.0000         0.000000        60.555910        59.966000        -0.040000
1643124132.0000         0.000000        48.334720        59.965000         0.000000
1643124133.0000         0.000000        35.311390        59.963000         0.000000
1643124134.0000         0.000000        21.732290        59.962000         0.010000
1643124135.0000         0.000000         7.477099        59.959000         0.010000
1643124136.0000         0.000000        -7.018733        59.961000        -0.020000
1643124137.0000         0.000000       -21.010360        59.962000         0.000000
1643124138.0000         0.000000       -34.366010        59.964000         0.020000
1643124139.0000         0.000000       -47.148700        59.966000         0.030000
1643124140.0000         0.000000       -59.673550        59.966000         0.010000
1643124141.0000         0.000000       -71.722850        59.967000         0.040000
1643124142.0000         0.000000       -83.462760        59.967000         0.010000
1643124143.0000         0.000000       -94.658360        59.970000         0.000000
1643124144.0000         0.000000      -105.183600        59.971000         0.020000
1643124145.0000         0.000000      -115.210400        59.972000         0.060000
1643124146.0000         0.000000      -124.881900        59.973000         0.040000
1643124147.0000         0.000000      -134.415900        59.974000         0.000000
1643124148.0000         0.000000      -143.898300        59.975000         0.010000
1643124149.0000         0.000000      -152.939600        59.976000         0.020000
1643124150.0000         0.000000      -161.471000        59.978000         0.030000
1643124151.0000         0.000000      -169.022600        59.980000         0.040000
1643124152.0000         0.000000      -175.955300        59.982000         0.000000
1643124153.0000         0.000000       177.645600        59.982000         0.000000
1643124154.0000         0.000000       171.646700        59.985000        -0.030000
1643124155.0000         0.000000       166.604700        59.988000         0.020000
1643124156.0000         0.000000       162.313200        59.989000         0.010000
1643124157.0000         0.000000       158.520200        59.989000         0.030000
1643124158.0000         0.000000       155.053800        59.992000        -0.010000
1643124159.0000         0.000000       152.624500        59.994000         0.030000
1643124160.0000         0.000000       150.899900        59.996000         0.030000
1643124161.0000         0.000000       149.931600        59.997000         0.000000
1643124162.0000         0.000000       149.438900        59.999000        -0.020000
1643124163.0000         0.000000       149.438900        60.000000         0.000000
1643124164.0000         0.000000       149.358600        60.000000        -0.010000
1643124165.0000         0.000000       149.272700        60.001000         0.020000
1643124166.0000         0.000000       149.003400        59.999000        -0.060000
1643124167.0000         0.000000       148.063800        59.996000         0.010000
1643124168.0000         0.000000       146.671500        59.996000         0.000000
1643124169.0000         0.000000       144.815100        59.994000         0.020000
1643124170.0000         0.000000       142.236800        59.992000         0.010000
1643124171.0000         0.000000       139.085500        59.990000        -0.020000
1643124172.0000         0.000000       135.177900        59.988000         0.020000
1643124173.0000         0.000000       134.519000        59.987000         0.010000          *
1643124174.0000         0.000000       134.519000        59.987000         0.010000          *
1643124175.0000         0.000000       134.519000        59.987000         0.010000          *
1643124176.0000         0.000000       134.519000        59.987000         0.010000          *
1643124177.0000         0.000000       134.519000        59.987000         0.010000          *
1643124178.0000         0.000000       134.519000        59.987000         0.010000          *
1643124179.0000         0.000000       134.519000        59.987000         0.010000          *
