Terminal: BAB      525  ITA
Tensão base: 525 kV
SOC inicial: 1643124120
SOC final: 1643124179
Taxa: 1 fasores/s
Total de frames faltantes: - 

Tempo_(SOC)           VA_mod_(V)     VA_ang_(graus)     Frequência        Delta_Freq     Faltante
1643124120.0000    308668.000000      -125.817400        59.975680         0.014420
1643124121.0000    308619.900000      -134.943200        59.973950        -0.043945
1643124122.0000    308622.100000      -144.384000        59.973150         0.062714
1643124123.0000    308635.000000      -154.292900        59.972060         0.012589
1643124124.0000    308698.900000      -164.480500        59.972070         0.042114
1643124125.0000    308707.600000      -175.194200        59.971090         0.096817
1643124126.0000    308640.000000       173.561300        59.967740        -0.019913
1643124127.0000    308556.200000       161.917300        59.967590         0.036392
1643124128.0000    308697.700000       150.777000        59.969120         0.005035
1643124129.0000    308708.200000       139.185700        59.968490        -0.002747
1643124130.0000    308749.200000       127.925900        59.968930         0.036163
1643124131.0000    308535.900000       116.280300        59.966610        -0.000687
1643124132.0000    308562.300000       103.971600        59.965910         0.013046
1643124133.0000    308588.200000        91.029060        59.962700        -0.068893
1643124134.0000    308578.700000        77.490570        59.961320        -0.022888
1643124135.0000    308701.200000        63.227530        59.959690        -0.020142
1643124136.0000    308657.000000        48.736320        59.959190        -0.040970
1643124137.0000    308759.900000        34.671030        59.961490        -0.000458
1643124138.0000    308816.200000        21.226310        59.964300        -0.006180
1643124139.0000    308571.200000         8.506618        59.965660         0.043030
1643124140.0000    308624.500000        -4.096444        59.966670         0.058136
1643124141.0000    308673.600000       -16.119350        59.967450         0.019684
1643124142.0000    308590.800000       -27.895310        59.967520         0.023575
1643124143.0000    308657.000000       -39.030180        59.969740         0.021515
1643124144.0000    308767.300000       -49.523160        59.971260        -0.005035
1643124145.0000    308679.500000       -59.700930        59.971780        -0.031586
1643124146.0000    308658.200000       -69.339120        59.974760         0.048752
1643124147.0000    308788.100000       -78.887090        59.973220        -0.016708
1643124148.0000    308719.000000       -88.259750        59.974160        -0.022202
1643124149.0000    308719.800000       -97.306870        59.975300        -0.005951
1643124150.0000    308774.500000      -105.874600        59.977780         0.018539
1643124151.0000    308588.700000      -113.417900        59.979620        -0.022888
1643124152.0000    308731.100000      -120.359300        59.981020        -0.011902
1643124153.0000    308775.700000      -126.769100        59.983200         0.014648
1643124154.0000    308705.600000      -132.587300        59.985050         0.004578
1643124155.0000    308620.400000      -137.747000        59.988550         0.024948
1643124156.0000    308545.500000      -141.828000        59.988510         0.023575
1643124157.0000    308743.400000      -145.768600        59.990960         0.038910
1643124158.0000    308723.100000      -149.201000        59.992170         0.013733
1643124159.0000    308603.500000      -151.604400        59.994270         0.010757
1643124160.0000    308714.900000      -153.387000        59.997180        -0.011444
1643124161.0000    308632.600000      -154.275400        59.997020        -0.063629
1643124162.0000    308561.500000      -154.894300        59.997720        -0.068893
1643124163.0000    308549.100000      -155.006600        60.000680         0.010757
1643124164.0000    308603.600000      -154.975000        60.000980         0.013275
1643124165.0000    308653.500000      -154.941200        59.998820        -0.022659
1643124166.0000    308515.900000      -155.376000        59.997060        -0.058823
1643124167.0000    308477.700000      -156.352500        59.998890         0.068665
1643124168.0000    308509.900000      -157.457300        59.994960        -0.005264
1643124169.0000    308434.000000      -159.489300        59.993430         0.015335
1643124170.0000    308489.900000      -161.969400        59.991950         0.014648
1643124171.0000    308618.200000      -165.187100        59.990590         0.014420
1643124172.0000    308539.300000      -169.150900        59.987580         0.003433
1643124173.0000    308643.200000      -173.864000        59.986430         0.011902
1643124174.0000    308507.400000      -179.805200        59.981850        -0.054245
1643124175.0000    308605.700000       173.578600        59.980090        -0.030670
1643124176.0000    308633.900000       166.116500        59.978230        -0.009155
1643124177.0000    308558.200000       158.346500        59.978190        -0.027695
1643124178.0000    308536.800000       150.336200        59.977530         0.065689
1643124179.0000    308639.700000       141.562500        59.975180        -0.006180
