Terminal: BAB      765  F.IGUACU 60HZ
Tensão base: 765 kV
SOC inicial: 1643124120
SOC final: 1643124179
Taxa: 1 fasores/s
Total de frames faltantes: - 

Tempo_(SOC)           VB_mod_(V)     VB_ang_(graus)     Frequência        Delta_Freq     Faltante
1643124120.0000    441373.800000       141.751300        59.975350         0.108016
1643124121.0000    441327.600000       132.676800        59.975700         0.019739
1643124122.0000    441022.900000       123.249800        59.972300        -0.179678
1643124123.0000    441295.800000       113.279800        59.972120        -0.096453
1643124124.0000    441268.600000       103.082400        59.971500        -0.024088
1643124125.0000    441201.800000        92.363740        59.970780         0.080221
1643124126.0000    441217.100000        81.138210        59.968610         0.090456
1643124127.0000    441265.900000        69.544510        59.966390        -0.112229
1643124128.0000    441353.700000        58.360760        59.969310        -0.129119
1643124129.0000    441299.800000        46.824390        59.968090         0.046243
1643124130.0000    441540.600000        35.501610        59.970410         0.089254
1643124131.0000    441103.000000        23.903320        59.965580        -0.146458
1643124132.0000    441063.800000        11.600300        59.964290        -0.090738
1643124133.0000    441151.400000        -1.331961        59.963960        -0.040802
1643124134.0000    441014.800000       -14.882410        59.960300        -0.019704
1643124135.0000    441180.300000       -29.165620        59.959560        -0.096300
1643124136.0000    441297.500000       -43.624900        59.960530        -0.113580
1643124137.0000    441454.600000       -57.700790        59.960850        -0.027646
1643124138.0000    441611.900000       -71.139830        59.964510        -0.102848
1643124139.0000    441486.800000       -83.875870        59.965840         0.082775
1643124140.0000    441455.300000       -96.467480        59.966310         0.038125
1643124141.0000    441448.600000      -108.501700        59.967410         0.152798
1643124142.0000    441374.400000      -120.248800        59.967320        -0.052742
1643124143.0000    441605.200000      -131.415900        59.970300         0.005244
1643124144.0000    441506.100000      -141.916200        59.970550        -0.048362
1643124145.0000    441397.100000      -152.049000        59.970830        -0.143428
1643124146.0000    441316.200000      -161.697700        59.973090         0.076463
1643124147.0000    441364.800000      -171.259100        59.973440        -0.015801
1643124148.0000    441297.800000       179.332300        59.975450         0.101940
1643124149.0000    441366.000000       170.295700        59.975670         0.155606
1643124150.0000    441548.900000       161.769000        59.978210         0.099550
1643124151.0000    441651.200000       154.254900        59.980280         0.000829
1643124152.0000    441671.900000       147.277800        59.981000        -0.083354
1643124153.0000    441496.500000       140.862500        59.982200        -0.004760
1643124154.0000    441500.700000       135.013400        59.984050        -0.042912
1643124155.0000    441599.000000       129.923700        59.987810         0.014614
1643124156.0000    441687.500000       125.782900        59.987800        -0.124118
1643124157.0000    441520.900000       121.844400        59.990300         0.193210
1643124158.0000    441609.000000       118.416800        59.991380        -0.011360
1643124159.0000    441600.700000       116.033200        59.994000         0.025820
1643124160.0000    441675.000000       114.249400        59.996620         0.040528
1643124161.0000    441537.600000       113.340200        59.998130        -0.014106
1643124162.0000    441488.700000       112.782400        59.999240        -0.107150
1643124163.0000    441280.400000       112.691000        60.000320        -0.045757
1643124164.0000    441385.700000       112.687200        60.000260         0.036839
1643124165.0000    441342.600000       112.695200        60.000180         0.084761
1643124166.0000    441092.400000       112.294200        59.997300         0.032668
1643124167.0000    441202.400000       111.277500        59.997380         0.094627
1643124168.0000    441287.900000       110.139900        59.995590         0.034919
1643124169.0000    441156.100000       108.198400        59.992800         0.052054
1643124170.0000    441108.100000       105.674000        59.990570        -0.027307
1643124171.0000    441095.100000       102.439000        59.990450         0.069834
1643124172.0000    441106.900000        98.521920        59.987640        -0.020412
1643124173.0000    441065.400000        93.756960        59.984020        -0.046913
1643124174.0000    440909.900000        87.826130        59.981310         0.025090
1643124175.0000    441070.100000        81.213780        59.980950         0.008884
1643124176.0000    440987.600000        73.733270        59.978680        -0.076041
1643124177.0000    441288.200000        65.965670        59.978120        -0.002195
1643124178.0000    441143.900000        57.982890        59.977790         0.066484
1643124179.0000    441119.800000        49.190120        59.973900        -0.012088
