Terminal: BAB 500  ITUMBIARA - RVN
Tensão base: 500 kV
SOC inicial: 1643124120
SOC final: 1643124179
Taxa: 1 fasores/s
Total de frames faltantes: - 

Tempo_(SOC)           VB_mod_(V)     VB_ang_(graus)     Frequência        Delta_Freq     Faltante
1643124120.0000         0.000000       178.379000        59.974000         0.000000
1643124121.0000         0.000000       169.309000        59.975000        -0.020000
1643124122.0000         0.000000       159.872400        59.973000        -0.030000
1643124123.0000         0.000000       149.828500        59.972000        -0.020000
1643124124.0000         0.000000       139.578200        59.971000         0.010000
1643124125.0000         0.000000       128.915500        59.970000         0.000000
1643124126.0000         0.000000       117.760000        59.968000         0.000000
1643124127.0000         0.000000       106.151900        59.968000         0.000000
1643124128.0000         0.000000        94.864620        59.969000        -0.050000
1643124129.0000         0.000000        83.502870        59.968000         0.020000
1643124130.0000         0.000000        72.089550        59.969000         0.000000
1643124131.0000         0.000000        60.573100        59.966000        -0.050000
1643124132.0000         0.000000        48.357640        59.964000         0.000000
1643124133.0000         0.000000        35.328580        59.963000         0.000000
1643124134.0000         0.000000        21.755210        59.961000         0.000000
1643124135.0000         0.000000         7.494288        59.959000         0.000000
1643124136.0000         0.000000        -7.001544        59.961000        -0.020000
1643124137.0000         0.000000       -20.993170        59.962000         0.010000
1643124138.0000         0.000000       -34.343090        59.963000         0.010000
1643124139.0000         0.000000       -47.131510        59.966000         0.030000
1643124140.0000         0.000000       -59.656360        59.966000         0.010000
1643124141.0000         0.000000       -71.699940        59.967000         0.030000
1643124142.0000         0.000000       -83.445570        59.968000         0.010000
1643124143.0000         0.000000       -94.635440        59.970000        -0.010000
1643124144.0000         0.000000      -105.160700        59.971000         0.000000
1643124145.0000         0.000000      -115.193200        59.972000         0.040000
1643124146.0000         0.000000      -124.864700        59.973000         0.030000
1643124147.0000         0.000000      -134.398700        59.974000        -0.010000
1643124148.0000         0.000000      -143.875400        59.975000         0.010000
1643124149.0000         0.000000      -152.922400        59.976000         0.010000
1643124150.0000         0.000000      -161.453800        59.978000         0.020000
1643124151.0000         0.000000      -169.005400        59.980000         0.020000
1643124152.0000         0.000000      -175.932400        59.982000         0.000000
1643124153.0000         0.000000       177.662800        59.982000         0.000000
1643124154.0000         0.000000       171.663900        59.985000        -0.040000
1643124155.0000         0.000000       166.621900        59.988000         0.020000
1643124156.0000         0.000000       162.330400        59.989000         0.000000
1643124157.0000         0.000000       158.537400        59.990000         0.040000
1643124158.0000         0.000000       155.076800        59.992000        -0.020000
1643124159.0000         0.000000       152.641700        59.994000         0.020000
1643124160.0000         0.000000       150.917100        59.996000         0.020000
1643124161.0000         0.000000       149.948800        59.997000         0.000000
1643124162.0000         0.000000       149.456000        59.999000        -0.030000
1643124163.0000         0.000000       149.456000        59.999000         0.000000
1643124164.0000         0.000000       149.381600        60.000000        -0.010000
1643124165.0000         0.000000       149.289900        60.001000         0.020000
1643124166.0000         0.000000       149.020600        59.999000        -0.070000
1643124167.0000         0.000000       148.080900        59.997000         0.020000
1643124168.0000         0.000000       146.694400        59.996000         0.000000
1643124169.0000         0.000000       144.832300        59.994000         0.020000
1643124170.0000         0.000000       142.254000        59.992000         0.000000
1643124171.0000         0.000000       139.108400        59.990000        -0.020000
1643124172.0000         0.000000       135.200900        59.988000         0.020000
1643124173.0000         0.000000       134.541900        59.988000         0.010000          *
1643124174.0000         0.000000       134.541900        59.988000         0.010000          *
1643124175.0000         0.000000       134.541900        59.988000         0.010000          *
1643124176.0000         0.000000       134.541900        59.988000         0.010000          *
1643124177.0000         0.000000       134.541900        59.988000         0.010000          *
1643124178.0000         0.000000       134.541900        59.988000         0.010000          *
1643124179.0000         0.000000       134.541900        59.988000         0.010000          *
