Terminal: BAB      500  IBIUNA
Tensão base: 500 kV
SOC inicial: 1643124120
SOC final: 1643124179
Taxa: 1 fasores/s
Total de frames faltantes: - 

Tempo_(SOC)           VB_mod_(V)     VB_ang_(graus)     Frequência        Delta_Freq     Faltante
1643124120.0000    311177.600000       125.970300        59.974090         0.173941
1643124121.0000    311246.800000       116.907900        59.975190         0.051465
1643124122.0000    311103.300000       107.430100        59.971760        -0.240217
1643124123.0000    311415.200000        97.486470        59.972620        -0.131912
1643124124.0000    311381.700000        87.291750        59.972850         0.074777
1643124125.0000    311252.900000        76.555870        59.970860         0.121442
1643124126.0000    311245.400000        65.340100        59.968590         0.067495
1643124127.0000    311198.300000        53.778170        59.964850        -0.221170
1643124128.0000    311157.600000        42.551890        59.965390        -0.500499
1643124129.0000    311275.100000        31.043750        59.968780         0.038093
1643124130.0000    311481.900000        19.747670        59.973250         0.248767
1643124131.0000    311023.800000         8.091698        59.962830        -0.510106
1643124132.0000    311028.000000        -4.231226        59.964180         0.274938
1643124133.0000    311218.300000       -17.127630        59.963010        -0.238508
1643124134.0000    311052.800000       -30.706330        59.957740         0.110059
1643124135.0000    311296.100000       -44.970610        59.959220         0.058105
1643124136.0000    311234.800000       -59.401340        59.961720        -0.186783
1643124137.0000    311082.200000       -73.477880        59.957680        -0.341529
1643124138.0000    311342.700000       -86.896650        59.965500         0.010205
1643124139.0000    311122.400000       -99.681370        59.968840         0.228144
1643124140.0000    311237.500000      -112.243900        59.968620         0.151287
1643124141.0000    310978.000000      -124.301400        59.966660         0.130649
1643124142.0000    311117.100000      -136.051400        59.967460        -0.073703
1643124143.0000    311269.000000      -147.191100        59.972560         0.063288
1643124144.0000    311276.500000      -157.694500        59.970400         0.011049
1643124145.0000    311018.800000      -167.823700        59.972370         0.000547
1643124146.0000    310848.600000      -177.511600        59.972900         0.260908
1643124147.0000    311180.500000       172.934600        59.972790        -0.078077
1643124148.0000    310977.700000       163.507700        59.976230         0.141010
1643124149.0000    311051.800000       154.476500        59.977370         0.318771
1643124150.0000    311140.500000       145.973100        59.979050         0.192900
1643124151.0000    311223.700000       138.464000        59.982390         0.071227
1643124152.0000    311323.600000       131.491100        59.982480        -0.044654
1643124153.0000    311218.600000       125.053600        59.983190        -0.069556
1643124154.0000    311121.600000       119.166600        59.981620        -0.072923
1643124155.0000    311212.500000       114.113000        59.987170         0.055505
1643124156.0000    311313.800000       109.943100        59.986660        -0.102833
1643124157.0000    311342.000000       106.022400        59.991820         0.146429
1643124158.0000    311241.100000       102.608300        59.991700        -0.081114
1643124159.0000    311106.800000       100.217400        59.996200         0.037698
1643124160.0000    311305.600000        98.413910        59.997710         0.074685
1643124161.0000    311082.900000        97.477610        59.997990        -0.041938
1643124162.0000    311026.100000        96.930670        59.999430        -0.027408
1643124163.0000    310738.400000        96.799320        59.999360        -0.013127
1643124164.0000    311074.100000        96.813680        60.000640         0.259870
1643124165.0000    311124.800000        96.825820        59.999740        -0.042450
1643124166.0000    310916.100000        96.431100        59.996700        -0.170432
1643124167.0000    311048.700000        95.440150        59.998580         0.095993
1643124168.0000    311247.800000        94.280270        59.995700         0.042757
1643124169.0000    311038.700000        92.346660        59.993820         0.116902
1643124170.0000    311053.600000        89.803300        59.990470         0.016194
1643124171.0000    311019.800000        86.566220        59.989950         0.061353
1643124172.0000    311010.700000        82.629300        59.987930         0.193537
1643124173.0000    310988.200000        77.863470        59.983790        -0.134130
1643124174.0000    310844.900000        71.933500        59.979300        -0.049097
1643124175.0000    310958.300000        65.356790        59.981450         0.015883
1643124176.0000    310809.300000        57.880880        59.978650        -0.254571
1643124177.0000    311043.000000        50.098360        59.977430         0.088620
1643124178.0000    310822.700000        42.083440        59.978840         0.329471
1643124179.0000    310930.900000        33.314670        59.975220         0.076867
