Terminal: BAB1     500  S.DA MESA
Tensão base: 500 kV
SOC inicial: 1643124120
SOC final: 1643124179
Taxa: 1 fasores/s
Total de frames faltantes: - 

Tempo_(SOC)           VB_mod_(V)     VB_ang_(graus)     Frequência        Delta_Freq     Faltante
1643124120.0000    307448.800000      -158.668000        59.973610        -0.012009
1643124121.0000    307403.400000      -167.689100        59.972350        -0.179000
1643124122.0000    307377.500000      -177.124300        59.972530         0.026303
1643124123.0000    307389.100000       172.870700        59.971110        -0.152972
1643124124.0000    307450.700000       162.544600        59.970850        -0.128003
1643124125.0000    307355.200000       151.921200        59.969520        -0.026654
1643124126.0000    307357.100000       140.761700        59.967080        -0.056177
1643124127.0000    307378.700000       129.188700        59.966060        -0.132787
1643124128.0000    307578.100000       117.774200        59.969420         0.112328
1643124129.0000    307351.700000       106.588900        59.967870        -0.091619
1643124130.0000    307375.300000        95.123370        59.966930         0.010400
1643124131.0000    307282.700000        83.616940        59.965460        -0.257116
1643124132.0000    307100.300000        71.533700        59.963920        -0.135429
1643124133.0000    307219.700000        58.431370        59.962010        -0.103073
1643124134.0000    307302.800000        44.781580        59.961120        -0.003268
1643124135.0000    307183.800000        30.614110        59.959020        -0.075417
1643124136.0000    307396.200000        16.032340        59.958690        -0.099583
1643124137.0000    307293.200000         2.112901        59.962020         0.051601
1643124138.0000    307133.200000       -11.136990        59.962460        -0.044306
1643124139.0000    307246.700000       -23.987540        59.964640         0.057659
1643124140.0000    307107.700000       -36.422780        59.965370         0.017416
1643124141.0000    307147.600000       -48.534240        59.964770         0.087227
1643124142.0000    307071.400000       -60.186790        59.967880        -0.080639
1643124143.0000    307204.000000       -71.425480        59.969990         0.057870
1643124144.0000    307174.200000       -81.961450        59.970380        -0.123434
1643124145.0000    307038.800000       -91.919010        59.970270        -0.219097
1643124146.0000    307118.500000      -101.615800        59.967550        -0.497133
1643124147.0000    307212.300000      -111.114600        59.974920        -0.123055
1643124148.0000    307259.600000      -120.637500        59.974860         0.044820
1643124149.0000    307357.800000      -129.722700        59.975270        -0.007687
1643124150.0000    307390.800000      -138.273100        59.976440        -0.041079
1643124151.0000    307456.300000      -145.910600        59.979000        -0.039788
1643124152.0000    307333.900000      -152.737900        59.980960        -0.152302
1643124153.0000    307408.000000      -159.196800        59.981280        -0.128072
1643124154.0000    307484.400000      -165.263800        59.984090        -0.126139
1643124155.0000    307473.800000      -170.288000        59.986720         0.083485
1643124156.0000    307438.700000      -174.582400        59.986940        -0.262959
1643124157.0000    307326.800000      -178.335100        59.987890        -0.059878
1643124158.0000    307469.700000       178.145200        59.991270        -0.075575
1643124159.0000    307588.200000       175.626400        59.991920        -0.174069
1643124160.0000    307442.400000       174.015300        59.995510        -0.041122
1643124161.0000    307557.800000       172.967800        59.996830        -0.041806
1643124162.0000    307486.600000       172.515500        59.996670        -0.176664
1643124163.0000    307458.100000       172.536000        59.999550        -0.168399
1643124164.0000    307495.000000       172.520100        59.999240        -0.211823
1643124165.0000    307666.500000       172.301600        60.008140         0.787785
1643124166.0000    307370.700000       172.173100        60.008150        -0.138289
1643124167.0000    307319.800000       171.244600        59.989880        -0.694461
1643124168.0000    307491.300000       169.667600        59.993880        -0.458799
1643124169.0000    307465.000000       167.859600        59.993050        -0.136745
1643124170.0000    307433.400000       165.266400        59.990290        -0.141372
1643124171.0000    307443.200000       162.151400        59.991660        -0.069640
1643124172.0000    307352.800000       158.294200        59.987860         0.030916
1643124173.0000    307409.100000       153.469200        59.985530         0.003881
1643124174.0000    307264.800000       147.821000        59.982490        -0.171988
1643124175.0000    307412.100000       141.071800        59.979900        -0.000289
1643124176.0000    307435.200000       133.569200        59.979370         0.061283
1643124177.0000    307534.300000       125.601500        59.978760         0.090122
1643124178.0000    307482.900000       117.723700        59.977860         0.106104
1643124179.0000    307277.100000       109.157300        59.972460        -0.198539
