Terminal: BAB1      525  ITA
Tensão base: 525 kV
SOC inicial: 1643124120
SOC final: 1643124179
Taxa: 1 fasores/s
Total de frames faltantes: - 

Tempo_(SOC)           VA_mod_(V)     VA_ang_(graus)     Frequência        Delta_Freq     Faltante
1643124120.0000    308632.000000      -125.826300        59.974900         0.008011
1643124121.0000    308584.800000      -134.947200        59.973560        -0.024490
1643124122.0000    308579.800000      -144.387700        59.973640         0.086746
1643124123.0000    308592.800000      -154.299400        59.972430         0.014648
1643124124.0000    308646.700000      -164.486200        59.970180        -0.036621
1643124125.0000    308660.900000      -175.200300        59.971080         0.102539
1643124126.0000    308601.200000       173.554200        59.967540        -0.080566
1643124127.0000    308513.800000       161.913200        59.966920        -0.021057
1643124128.0000    308661.900000       150.772200        59.969220        -0.010300
1643124129.0000    308661.500000       139.176300        59.968570         0.029526
1643124130.0000    308694.200000       127.922000        59.970220         0.065689
1643124131.0000    308496.800000       116.272400        59.965970         0.009384
1643124132.0000    308505.000000       103.966900        59.965250         0.023804
1643124133.0000    308536.100000        91.025310        59.963130        -0.059052
1643124134.0000    308527.000000        77.487000        59.960440         0.024719
1643124135.0000    308641.900000        63.226060        59.959750        -0.007095
1643124136.0000    308597.100000        48.730730        59.960060         0.000458
1643124137.0000    308707.100000        34.669130        59.960140        -0.068665
1643124138.0000    308757.400000        21.219230        59.964430         0.004120
1643124139.0000    308524.900000         8.500392        59.964120        -0.009842
1643124140.0000    308547.900000        -4.102661        59.968420         0.083542
1643124141.0000    308620.100000       -16.123980        59.966630        -0.012131
1643124142.0000    308531.900000       -27.903110        59.967090        -0.000458
1643124143.0000    308616.100000       -39.033440        59.971050         0.018082
1643124144.0000    308696.600000       -49.528300        59.971350         0.007553
1643124145.0000    308633.500000       -59.704210        59.971120        -0.027466
1643124146.0000    308619.200000       -69.345460        59.974730         0.039368
1643124147.0000    308754.300000       -78.890980        59.973720        -0.001831
1643124148.0000    308665.500000       -88.264950        59.975090         0.044174
1643124149.0000    308676.500000       -97.307950        59.975080         0.014191
1643124150.0000    308720.200000      -105.879000        59.978400         0.018997
1643124151.0000    308508.500000      -113.424300        59.980530         0.038452
1643124152.0000    308677.500000      -120.361700        59.982040         0.034790
1643124153.0000    308721.500000      -126.772100        59.983370         0.005035
1643124154.0000    308662.200000      -132.593000        59.983780        -0.041656
1643124155.0000    308572.200000      -137.751300        59.987510        -0.002975
1643124156.0000    308499.400000      -141.832800        59.988430        -0.018539
1643124157.0000    308692.300000      -145.774500        59.990440         0.019455
1643124158.0000    308700.700000      -149.207400        59.991670        -0.001373
1643124159.0000    308558.100000      -151.609000        59.994160         0.008240
1643124160.0000    308673.900000      -153.392200        59.996930         0.013504
1643124161.0000    308584.800000      -154.281000        59.998010        -0.018082
1643124162.0000    308511.900000      -154.902100        59.999160         0.010529
1643124163.0000    308509.500000      -155.011500        60.001000         0.026093
1643124164.0000    308537.000000      -154.979600        60.001000         0.012817
1643124165.0000    308608.500000      -154.946400        59.999740         0.003891
1643124166.0000    308475.100000      -155.382200        59.997180        -0.013962
1643124167.0000    308438.300000      -156.357700        59.996750        -0.008240
1643124168.0000    308474.100000      -157.464700        59.994670        -0.002747
1643124169.0000    308375.300000      -159.493900        59.992580        -0.011902
1643124170.0000    308447.700000      -161.976800        59.991300        -0.016479
1643124171.0000    308568.500000      -165.191200        59.988980        -0.054016
1643124172.0000    308503.600000      -169.155100        59.988510         0.029984
1643124173.0000    308582.500000      -173.869700        59.985540        -0.015564
1643124174.0000    308451.900000      -179.814400        59.981820        -0.050354
1643124175.0000    308566.200000       173.574200        59.980900         0.007095
1643124176.0000    308601.600000       166.111200        59.978500        -0.003891
1643124177.0000    308529.000000       158.341100        59.977720        -0.029068
1643124178.0000    308491.300000       150.330800        59.977850         0.078278
1643124179.0000    308590.500000       141.559300        59.975740         0.018311
