Terminal: BAB1     500  SANTA LUZIA II
Tensão base: 500 kV
SOC inicial: 1643124120
SOC final: 1643124179
Taxa: 1 fasores/s
Total de frames faltantes: - 

Tempo_(SOC)           VB_mod_(V)     VB_ang_(graus)     Frequência        Delta_Freq     Faltante
1643124120.0000    307629.900000      -143.696400        59.975060         0.007553
1643124121.0000    307548.500000      -152.691100        59.972990        -0.023804
1643124122.0000    307533.500000      -162.106000        59.972770        -0.051498
1643124123.0000    307545.100000      -172.113500        59.971980         0.040512
1643124124.0000    307632.100000       177.560800        59.971120         0.014877
1643124125.0000    307644.300000       166.941000        59.971050         0.039139
1643124126.0000    307537.700000       155.775600        59.969950         0.033188
1643124127.0000    307487.000000       144.229600        59.966240        -0.018082
1643124128.0000    307620.500000       132.723200        59.970180         0.059280
1643124129.0000    307575.300000       121.613100        59.969200         0.007095
1643124130.0000    307591.200000       110.134200        59.967050        -0.012589
1643124131.0000    307510.100000        98.620870        59.966510        -0.093155
1643124132.0000    307572.800000        86.583760        59.965990         0.055389
1643124133.0000    307447.800000        73.444830        59.961960         0.004349
1643124134.0000    307451.400000        59.791870        59.962060         0.015335
1643124135.0000    307419.000000        45.655490        59.959140        -0.066605
1643124136.0000    307576.100000        31.033230        59.959450        -0.011673
1643124137.0000    307534.400000        17.214490        59.961650        -0.013962
1643124138.0000    307574.000000         4.002172        59.963800        -0.004349
1643124139.0000    307522.700000        -8.932464        59.965300         0.069809
1643124140.0000    307500.400000       -21.270060        59.965220        -0.025177
1643124141.0000    307539.300000       -33.430340        59.967720         0.018311
1643124142.0000    307627.700000       -45.018150        59.968020         0.006638
1643124143.0000    307614.200000       -56.273880        59.970910         0.034790
1643124144.0000    307583.400000       -66.823360        59.971560         0.022430
1643124145.0000    307549.900000       -76.730160        59.971160        -0.082169
1643124146.0000    307576.900000       -86.374500        59.972730        -0.060883
1643124147.0000    307553.800000       -95.847890        59.973810         0.026093
1643124148.0000    307543.100000      -105.400600        59.974070         0.001602
1643124149.0000    307502.100000      -114.494600        59.976320         0.006180
1643124150.0000    307543.700000      -123.097500        59.976230        -0.028839
1643124151.0000    307669.000000      -130.786800        59.980470         0.032730
1643124152.0000    307637.900000      -137.587100        59.983140         0.064316
1643124153.0000    307607.200000      -144.066700        59.982210        -0.008698
1643124154.0000    307591.200000      -150.148600        59.984800         0.025177
1643124155.0000    307653.200000      -155.150600        59.987550         0.036621
1643124156.0000    307660.600000      -159.438000        59.989720         0.042114
1643124157.0000    307596.300000      -163.121200        59.989770        -0.013275
1643124158.0000    307664.900000      -166.739000        59.991220         0.025177
1643124159.0000    307699.400000      -169.301300        59.994400        -0.041885
1643124160.0000    307631.300000      -170.847100        59.996340        -0.029755
1643124161.0000    307742.400000      -172.002400        59.999110         0.053329
1643124162.0000    307649.400000      -172.302600        59.999560        -0.016479
1643124163.0000    307625.000000      -172.323800        60.000890        -0.037994
1643124164.0000    307584.400000      -172.352900        60.000260         0.030670
1643124165.0000    307648.200000      -172.608600        59.998630        -0.011902
1643124166.0000    307569.800000      -172.697700        60.000190         0.010071
1643124167.0000    307563.300000      -173.557100        59.997300         0.040512
1643124168.0000    307466.900000      -175.296800        59.994540        -0.022659
1643124169.0000    307514.900000      -177.039600        59.994840         0.034561
1643124170.0000    307558.700000      -179.710900        59.992140        -0.018311
1643124171.0000    307547.500000       177.253200        59.991730         0.068207
1643124172.0000    307449.800000       173.467800        59.987230        -0.064774
1643124173.0000    307481.200000       168.580900        59.985760         0.050583
1643124174.0000    307527.200000       163.001900        59.982730        -0.027695
1643124175.0000    307492.300000       156.233600        59.978980        -0.018311
1643124176.0000    307467.300000       148.733200        59.978910         0.023346
1643124177.0000    307552.800000       140.716100        59.977450        -0.025864
1643124178.0000    307571.400000       132.856900        59.977480         0.002747
1643124179.0000    307459.800000       124.332500        59.975450         0.064316
