Terminal: BAB1     500  BURITIRAMA
Tensão base: 500 kV
SOC inicial: 1643124120
SOC final: 1643124179
Taxa: 1 fasores/s
Total de frames faltantes: - 

Tempo_(SOC)           VB_mod_(V)     VB_ang_(graus)     Frequência        Delta_Freq     Faltante
1643124120.0000    305396.700000      -149.512300        59.975000        -0.000916
1643124121.0000    305345.000000      -158.525500        59.973770        -0.007782
1643124122.0000    305339.700000      -167.962400        59.973760         0.051956
1643124123.0000    305319.400000      -177.957200        59.972530         0.053558
1643124124.0000    305372.200000       171.699300        59.971400        -0.014648
1643124125.0000    305331.800000       161.078600        59.970350         0.037537
1643124126.0000    305304.300000       149.922100        59.969220         0.033875
1643124127.0000    305299.900000       138.354200        59.966600        -0.005493
1643124128.0000    305442.800000       126.900400        59.970870         0.109406
1643124129.0000    305306.900000       115.761800        59.969210         0.000458
1643124130.0000    305299.900000       104.276300        59.967240         0.002289
1643124131.0000    305245.100000        92.778180        59.966690        -0.071869
1643124132.0000    305160.600000        80.726420        59.965510         0.010071
1643124133.0000    305192.700000        67.597440        59.963390         0.050812
1643124134.0000    305236.300000        53.938360        59.961170        -0.014420
1643124135.0000    305160.800000        39.799180        59.959810         0.003891
1643124136.0000    305293.700000        25.185930        59.959290        -0.010071
1643124137.0000    305257.300000        11.317350        59.962240         0.041656
1643124138.0000    305181.800000        -1.907651        59.963710         0.007095
1643124139.0000    305243.600000       -14.804090        59.964910         0.041199
1643124140.0000    305159.600000       -27.200120        59.965530         0.011902
1643124141.0000    305200.500000       -39.332690        59.966040         0.003891
1643124142.0000    305192.000000       -50.954250        59.968300         0.012817
1643124143.0000    305241.000000       -62.203370        59.970020         0.034790
1643124144.0000    305239.500000       -72.745350        59.972460         0.039139
1643124145.0000    305117.800000       -82.677010        59.969880        -0.153351
1643124146.0000    305175.500000       -92.350880        59.973000        -0.018539
1643124147.0000    305195.600000      -101.837500        59.974810         0.072784
1643124148.0000    305245.700000      -111.370400        59.974960         0.070038
1643124149.0000    305280.500000      -120.471900        59.975990         0.020142
1643124150.0000    305325.500000      -129.044300        59.976690        -0.002975
1643124151.0000    305414.100000      -136.705700        59.979560         0.012817
1643124152.0000    305327.400000      -143.511800        59.982080         0.013504
1643124153.0000    305376.700000      -149.993400        59.982850         0.016937
1643124154.0000    305439.900000      -156.066200        59.985730         0.084915
1643124155.0000    305433.500000      -161.081600        59.987760         0.079193
1643124156.0000    305412.700000      -165.371700        59.989280        -0.003204
1643124157.0000    305335.800000      -169.086900        59.988980        -0.052185
1643124158.0000    305447.700000      -172.647900        59.991360        -0.006866
1643124159.0000    305516.800000      -175.190000        59.993030        -0.028839
1643124160.0000    305426.100000      -176.762600        59.996510        -0.021744
1643124161.0000    305543.500000      -177.849900        59.999790         0.100937
1643124162.0000    305461.100000      -178.242900        59.998310        -0.071411
1643124163.0000    305460.400000      -178.242300        60.000460        -0.063400
1643124164.0000    305444.400000      -178.259300        60.000400         0.029526
1643124165.0000    305580.100000      -178.509900        60.001480         0.219498
1643124166.0000    305445.500000      -178.622700        60.003990         0.193863
1643124167.0000    305371.400000      -179.490700        59.997390         0.043488
1643124168.0000    305483.300000       178.843000        59.994820         0.007095
1643124169.0000    305455.700000       177.060900        59.994630         0.016022
1643124170.0000    305440.700000       174.437200        59.990980        -0.063400
1643124171.0000    305446.500000       171.352500        59.992950         0.116272
1643124172.0000    305353.000000       167.509000        59.986880        -0.027237
1643124173.0000    305411.300000       162.666200        59.987130         0.090866
1643124174.0000    305301.800000       157.046100        59.982460        -0.057907
1643124175.0000    305408.900000       150.274300        59.980970         0.111237
1643124176.0000    305381.900000       142.771100        59.979160         0.017395
1643124177.0000    305470.000000       134.765700        59.977980         0.027237
1643124178.0000    305431.100000       126.891900        59.978370         0.043488
1643124179.0000    305315.900000       118.349800        59.974450        -0.000687
