Terminal: BAB1     500  POCOES III
Tensão base: 500 kV
SOC inicial: 1643124120
SOC final: 1643124179
Taxa: 1 fasores/s
Total de frames faltantes: - 

Tempo_(SOC)           VB_mod_(V)     VB_ang_(graus)     Frequência        Delta_Freq     Faltante
1643124120.0000    304710.300000      -166.748800        59.974590        -0.032501
1643124121.0000    304653.300000      -175.748100        59.974130        -0.019684
1643124122.0000    304590.800000       174.782400        59.973710         0.021744
1643124123.0000    304441.500000       164.783100        59.972060         0.018539
1643124124.0000    304521.800000       154.453500        59.971140        -0.018082
1643124125.0000    304461.500000       143.809100        59.969990        -0.004807
1643124126.0000    304529.400000       132.673500        59.968330        -0.012817
1643124127.0000    304493.000000       121.103000        59.967090         0.013504
1643124128.0000    304654.900000       109.707200        59.970380         0.043945
1643124129.0000    304503.000000        98.512760        59.969160         0.020142
1643124130.0000    304580.200000        87.030400        59.967820         0.023575
1643124131.0000    304537.100000        75.538150        59.966000        -0.075531
1643124132.0000    304424.800000        63.466280        59.965790        -0.007095
1643124133.0000    304507.300000        50.331670        59.962390         0.003662
1643124134.0000    304521.200000        36.704500        59.962060        -0.003433
1643124135.0000    304426.500000        22.539580        59.959140        -0.032501
1643124136.0000    304611.200000         7.949013        59.959760         0.001373
1643124137.0000    304523.300000        -5.881425        59.962880         0.037994
1643124138.0000    304455.000000       -19.164060        59.963550         0.006866
1643124139.0000    304547.900000       -32.047490        59.965160         0.029755
1643124140.0000    304322.000000       -44.491660        59.964680        -0.013733
1643124141.0000    304408.500000       -56.601870        59.967770         0.057220
1643124142.0000    304339.700000       -68.248880        59.966610        -0.051041
1643124143.0000    304381.300000       -79.450680        59.970730         0.018082
1643124144.0000    304387.800000       -90.031010        59.971780         0.033875
1643124145.0000    304311.000000       -99.980280        59.971130        -0.092926
1643124146.0000    304297.900000      -109.646400        59.973290        -0.016937
1643124147.0000    304309.500000      -119.132100        59.973840         0.018997
1643124148.0000    304370.900000      -128.654900        59.975020         0.046463
1643124149.0000    304441.400000      -137.720300        59.975760         0.017624
1643124150.0000    304556.300000      -146.285200        59.977170        -0.015106
1643124151.0000    304603.100000      -153.934600        59.980540         0.035477
1643124152.0000    304457.600000      -160.797300        59.981990        -0.001373
1643124153.0000    304495.400000      -167.278500        59.982530         0.030899
1643124154.0000    304711.400000      -173.309100        59.985750         0.046921
1643124155.0000    304675.800000      -178.312200        59.987380         0.027924
1643124156.0000    304613.100000       177.374800        59.989120        -0.010757
1643124157.0000    304529.100000       173.645600        59.989120        -0.039825
1643124158.0000    304854.200000       170.132000        59.991670        -0.008698
1643124159.0000    304842.500000       167.607600        59.994090        -0.008926
1643124160.0000    304705.000000       165.994400        59.996590        -0.012817
1643124161.0000    304914.400000       164.923600        59.998720         0.038681
1643124162.0000    304801.400000       164.542100        59.999070        -0.019684
1643124163.0000    304813.000000       164.549100        60.000490        -0.035248
1643124164.0000    304818.700000       164.518300        59.999440         0.017395
1643124165.0000    304931.400000       164.314600        60.000600         0.114670
1643124166.0000    304761.700000       164.158100        60.001220         0.082626
1643124167.0000    304779.700000       163.303800        59.997540         0.026550
1643124168.0000    304938.300000       161.694400        59.995430        -0.002518
1643124169.0000    304819.100000       159.890100        59.994120         0.006409
1643124170.0000    304852.400000       157.248500        59.990960        -0.039597
1643124171.0000    304863.700000       154.183600        59.991380         0.034332
1643124172.0000    304785.300000       150.324600        59.987920        -0.016251
1643124173.0000    304863.700000       145.503700        59.986710         0.078278
1643124174.0000    304798.300000       139.878600        59.982470        -0.068207
1643124175.0000    304857.200000       133.119600        59.980780         0.043716
1643124176.0000    304976.800000       125.660700        59.979390         0.023117
1643124177.0000    305059.200000       117.670500        59.978280         0.029297
1643124178.0000    305045.800000       109.789900        59.978780         0.055847
1643124179.0000    304875.400000       101.195400        59.974390        -0.007095
