Terminal: BAB2     500  BURITIRAMA
Tensão base: 500 kV
SOC inicial: 1643124120
SOC final: 1643124179
Taxa: 1 fasores/s
Total de frames faltantes: - 

Tempo_(SOC)           VB_mod_(V)     VB_ang_(graus)     Frequência        Delta_Freq     Faltante
1643124120.0000    305392.300000      -149.517300        59.974760         0.003891
1643124121.0000    305353.100000      -158.529700        59.973510        -0.021286
1643124122.0000    305329.800000      -167.965800        59.973710         0.050583
1643124123.0000    305333.600000      -177.959700        59.972340         0.041885
1643124124.0000    305382.500000       171.695600        59.970780        -0.030212
1643124125.0000    305337.800000       161.077800        59.970420         0.037537
1643124126.0000    305311.300000       149.919800        59.968940         0.016937
1643124127.0000    305305.200000       138.354200        59.966530        -0.012589
1643124128.0000    305471.100000       126.897400        59.970710         0.107803
1643124129.0000    305326.200000       115.757800        59.969010        -0.000916
1643124130.0000    305316.300000       104.272600        59.967000        -0.004349
1643124131.0000    305260.700000        92.773470        59.966350        -0.072556
1643124132.0000    305192.900000        80.722950        59.965290         0.002518
1643124133.0000    305227.800000        67.594580        59.963790         0.070953
1643124134.0000    305255.600000        53.935130        59.961210        -0.009842
1643124135.0000    305167.700000        39.796370        59.959390        -0.004807
1643124136.0000    305304.300000        25.183140        59.958720        -0.040054
1643124137.0000    305277.500000        11.312950        59.962170         0.043030
1643124138.0000    305207.200000        -1.913602        59.963940         0.032959
1643124139.0000    305268.300000       -14.807390        59.965000         0.042343
1643124140.0000    305174.900000       -27.202180        59.965610         0.017853
1643124141.0000    305223.900000       -39.332350        59.966320         0.007782
1643124142.0000    305210.900000       -50.955650        59.968940         0.035019
1643124143.0000    305262.300000       -62.205250        59.970100         0.026093
1643124144.0000    305267.900000       -72.751970        59.972120         0.033875
1643124145.0000    305152.200000       -82.680750        59.970090        -0.139160
1643124146.0000    305208.700000       -92.355080        59.973450         0.012360
1643124147.0000    305222.100000      -101.843300        59.974390         0.067749
1643124148.0000    305269.400000      -111.373700        59.974730         0.049438
1643124149.0000    305299.300000      -120.475300        59.975980         0.019455
1643124150.0000    305341.700000      -129.047100        59.976550        -0.008240
1643124151.0000    305419.500000      -136.708100        59.979540         0.025177
1643124152.0000    305339.600000      -143.517600        59.982090         0.019684
1643124153.0000    305405.000000      -149.997800        59.983020         0.034790
1643124154.0000    305456.600000      -156.069500        59.985110         0.051041
1643124155.0000    305466.600000      -161.083300        59.987630         0.064774
1643124156.0000    305444.300000      -165.374500        59.989110        -0.021057
1643124157.0000    305358.200000      -169.091400        59.989370        -0.023804
1643124158.0000    305471.900000      -172.648700        59.991240        -0.022888
1643124159.0000    305550.800000      -175.193800        59.993000        -0.032959
1643124160.0000    305427.400000      -176.764700        59.997020         0.010986
1643124161.0000    305566.600000      -177.855500        59.999420         0.095901
1643124162.0000    305476.100000      -178.246700        59.997740        -0.084686
1643124163.0000    305470.300000      -178.244300        60.000000        -0.079422
1643124164.0000    305489.700000      -178.261800        60.000450         0.030212
1643124165.0000    305594.600000      -178.512800        60.001770         0.230713
1643124166.0000    305445.400000      -178.624400        60.003440         0.153809
1643124167.0000    305397.200000      -179.496600        59.996980         0.030670
1643124168.0000    305494.800000       178.842900        59.995140         0.022659
1643124169.0000    305462.400000       177.054500        59.994430         0.005493
1643124170.0000    305463.800000       174.434100        59.990670        -0.094299
1643124171.0000    305470.500000       171.348800        59.992800         0.108490
1643124172.0000    305369.300000       167.509400        59.987400        -0.019684
1643124173.0000    305429.000000       162.663300        59.987720         0.116730
1643124174.0000    305317.100000       157.044000        59.982390        -0.073929
1643124175.0000    305430.300000       150.270400        59.980980         0.105286
1643124176.0000    305414.000000       142.765200        59.979080         0.010071
1643124177.0000    305494.000000       134.763300        59.977810         0.019455
1643124178.0000    305429.400000       126.888800        59.978260         0.042801
1643124179.0000    305307.600000       118.345800        59.974140        -0.006409
