Terminal: LT 345  RIO NOVO SUL - CAMPOS C2
Tensão base: 345 kV
SOC inicial: 1643124120
SOC final: 1643124179
Taxa: 1 fasores/s
Total de frames faltantes: - 

Tempo_(SOC)           VA_mod_(V)     VA_ang_(graus)     VB_mod_(V)     VB_ang_(graus)     VC_mod_(V)     VC_ang_(graus)     IA_mod_(A)     IA_ang_(graus)     IB_mod_(A)     IB_ang_(graus)     IC_mod_(A)     IC_ang_(graus)     Frequência        Delta_Freq     Faltante
1643124120.0000    202167.500000        42.948000    202772.000000       162.798000    202415.300000       -77.230080       353.392600      -135.200000       358.120800       -14.700510       361.517600       103.053000        59.974470        -0.020764
1643124121.0000    202145.200000        33.894320    202756.000000       153.752200    202369.900000       -86.278450       353.658100      -144.261100       358.532600       -23.761210       361.836200        94.009640        59.973850         0.006094
1643124122.0000    202113.900000        24.376660    202704.000000       144.224000    202361.300000       -95.805740       353.517800      -153.882300       358.260200       -33.282320       361.356800        84.431630        59.973870        -0.025872
1643124123.0000    201854.400000        14.250660    202471.000000       134.103800    202086.900000      -105.922700       356.329200      -164.449000       361.135300       -43.918850       364.199700        73.840920        59.971760        -0.017983
1643124124.0000    201911.100000         3.974666    202527.900000       123.824300    202152.000000      -116.202000       358.444800      -174.570600       363.133500       -54.064530       366.593100        63.658500        59.971180        -0.005716
1643124125.0000    201881.400000        -6.669197    202456.200000       113.182000    202099.300000      -126.855500       357.078300       174.763900       361.546500       -64.787130       365.266200        52.935730        59.969170        -0.030869
1643124126.0000    201937.000000       -17.761750    202559.000000       102.087900    202188.000000      -137.936600       356.204600       163.870400       360.961900       -75.623030       364.380100        42.163650        59.968110         0.018636
1643124127.0000    202001.200000       -29.388380    202588.700000        90.461980    202232.600000      -149.571100       355.163000       152.128600       359.693000       -87.410360       363.332000        30.367660        59.968470         0.029457
1643124128.0000    202037.600000       -40.671920    202615.400000        79.179460    202260.200000      -160.856300       355.261600       140.895400       360.156800       -98.643630       363.557500        19.175890        59.969520        -0.020897
1643124129.0000    202068.800000       -52.002900    202697.800000        67.843350    202338.100000      -172.177400       353.209500       129.721000       358.320300      -109.716300       361.268900         8.084282        59.969650        -0.003276
1643124130.0000    202062.900000       -63.347690    202675.700000        56.509890    202291.600000       176.480100       351.897500       118.398200       356.670700      -121.132500       360.020500        -3.351360        59.967850         0.001992
1643124131.0000    202032.700000       -74.820270    202648.500000        45.034370    202272.100000       165.006300       352.503000       107.010700       357.494100      -132.493400       360.574700       -14.707100        59.966920         0.006873
1643124132.0000    201965.700000       -87.011930    202566.400000        32.842800    202195.900000       152.812100       349.351300        94.459960       354.109800      -145.024000       357.658300       -27.246070        59.965150        -0.037937
1643124133.0000    202095.900000      -100.069800    202712.200000        19.790500    202316.400000       139.759000       353.663800        81.895290       358.452200      -157.563900       361.614900       -39.832380        59.963180         0.022587
1643124134.0000    202057.500000      -113.675800    202678.600000         6.181680    202290.700000       126.153800       353.423300        68.280940       358.260200      -171.275600       361.600300       -53.495470        59.962160        -0.025634
1643124135.0000    202030.100000      -127.913000    202637.700000        -8.059618    202269.200000       111.911500       353.105500        53.967670       358.017200       174.472900       361.384000       -67.746520        59.959630         0.012438
1643124136.0000    202163.300000      -142.390800    202760.400000       -22.535770    202391.500000        97.432130       353.094100        39.493030       357.770600       159.964600       361.318100       -82.262940        59.960920         0.008906
1643124137.0000    202090.700000      -156.394500    202706.100000       -36.541970    202335.500000        83.432720       351.166500        25.255110       356.271400       145.771100       359.351400       -96.429800        59.962770         0.013236
1643124138.0000    202131.500000      -169.783000    202729.300000       -49.929580    202365.100000        70.041790       348.430400        11.638370       353.304000       132.176600       356.406400      -110.027000        59.963350         0.030262
1643124139.0000    202023.400000       177.416500    202618.700000       -62.726670    202238.200000        57.241760       350.714800        -1.416340       355.386600       119.039900       358.836500      -123.177500        59.966130         0.002049
1643124140.0000    201965.700000       164.735000    202565.400000       -75.416760    202206.500000        44.556060       352.203900       -14.120400       357.008200       106.370300       360.246500      -135.831600        59.965330         0.016719
1643124141.0000    201980.300000       152.723100    202591.200000       -87.424300    202210.400000        32.548680       353.347300       -26.093280       357.908600        94.371170       361.460400      -147.857500        59.968010         0.012389
1643124142.0000    201988.600000       140.961500    202586.600000       -99.185080    202212.700000        20.784360       352.560400       -37.910530       357.361500        82.554810       360.753900      -159.651200        59.967380         0.066967
1643124143.0000    201970.200000       129.802100    202560.000000      -110.343300    202184.300000         9.623982       351.637600       -49.226830       356.448100        71.279980       359.860500      -170.952200        59.969780        -0.035751
1643124144.0000    202030.400000       119.234900    202621.500000      -120.914200    202256.800000        -0.945245       353.095900       -59.718200       357.754600        60.763890       361.340000       178.544400        59.972610         0.007943
1643124145.0000    202098.200000       109.278700    202700.300000      -130.871200    202340.000000       -10.897630       349.461800       -69.637890       354.117200        50.936840       357.346000       168.717000        59.974290        -0.003285
1643124146.0000    202091.300000        99.606050    202671.200000      -140.545600    202327.500000       -20.577910       350.611900       -79.129300       355.356800        41.367440       358.589300       159.145800        59.975150        -0.013446
1643124147.0000    201964.300000        90.105820    202567.800000      -150.041900    202199.000000       -30.069640       349.934300       -88.795400       354.526000        31.692560       357.523500       149.474300        59.973580        -0.008619
1643124148.0000    202043.800000        80.648760    202635.400000      -159.505000    202290.900000       -39.533460       351.030200       -98.195630       355.737600        22.343150       358.835500       140.078400        59.974750         0.003736
1643124149.0000    202099.900000        71.664020    202705.700000      -168.486300    202345.700000       -48.513190       349.814100      -106.952400       354.384600        13.577310       357.592800       131.345900        59.976650        -0.008678
1643124150.0000    202207.200000        63.178460    202794.000000      -176.976200    202457.500000       -57.004590       348.637400      -115.394600       353.822200         5.103037       356.848000       122.940600        59.979030         0.039179
1643124151.0000    202070.400000        55.507770    202670.300000       175.364000    202285.500000       -64.667150       351.092000      -123.358900       355.690600        -2.820660       358.939500       114.933700        59.980110         0.001213
1643124152.0000    202032.100000        48.536080    202641.100000       168.388300    202262.700000       -71.638090       350.853900      -130.549900       355.531400        -9.976847       358.704200       107.760100        59.981930         0.001044
1643124153.0000    201974.700000        42.072380    202590.000000       161.924600    202205.900000       -78.101880       353.851300      -136.887000       358.800000       -16.376890       361.979600       101.437700        59.983120         0.025311
1643124154.0000    202096.800000        36.212750    202721.100000       156.061600    202344.800000       -83.960870       353.131500      -142.500600       357.934500       -21.941410       361.094900        95.801960        59.985260        -0.056655
1643124155.0000    202071.000000        31.197760    202664.700000       151.047300    202303.700000       -88.981960       351.376600      -147.716600       356.126700       -27.176670       359.085700        90.579770        59.986950         0.068643
1643124156.0000    202057.300000        26.803570    202671.000000       146.655600    202290.200000       -93.370810       353.287200      -152.120000       358.053600       -31.594560       361.271100        86.164070        59.989750         0.009662
1643124157.0000    202100.800000        22.993160    202692.800000       142.843600    202330.700000       -97.187770       352.209000      -155.735900       357.058500       -35.224460       360.074800        82.547910        59.989270         0.015736
1643124158.0000    202364.200000        19.810540    202965.200000       139.666700    202593.600000      -100.363100       346.936700      -158.509300       351.895600       -37.919910       354.694800        79.834160        59.992970        -0.020244
1643124159.0000    202287.800000        17.242730    202894.400000       137.105600    202494.500000      -102.926800       348.365600      -161.203500       352.895100       -40.655270       356.083900        77.064530        59.994750         0.070252
1643124160.0000    202209.800000        15.544830    202824.200000       135.397300    202453.000000      -104.627700       349.171900      -162.968900       353.896100       -42.396040       356.676400        75.345010        59.996590        -0.007717
1643124161.0000    202290.900000        14.589370    202892.800000       134.445200    202517.000000      -105.585600       349.182600      -163.741000       353.865800       -43.177920       356.832900        74.549190        59.997980        -0.013169
1643124162.0000    202282.700000        14.079050    202897.700000       133.932700    202522.300000      -106.093100       347.527600      -164.283800       352.186400       -43.781630       355.234200        74.020940        59.999520        -0.032725
1643124163.0000    202280.000000        14.141740    202875.200000       133.997500    202508.500000      -106.034300       346.946800      -163.895500       351.528400       -43.349690       354.636700        74.382130        59.999580        -0.000631
1643124164.0000    202302.400000        14.106910    202902.700000       133.961100    202537.700000      -106.069100       347.109300      -163.873600       351.598400       -43.393800       354.800600        74.391490        59.999580        -0.007656
1643124165.0000    202268.700000        14.042950    202879.500000       133.897800    202507.400000      -106.130800       348.998100      -163.823000       353.700300       -43.237050       356.651800        74.527170        59.999170         0.033433
1643124166.0000    202264.100000        13.796130    202879.000000       133.647400    202521.900000      -106.378200       346.718900      -163.935500       351.993300       -43.318120       354.373900        74.464330        59.997990         0.012488
1643124167.0000    202363.000000        12.979530    202977.800000       132.829800    202630.600000      -107.192900       341.398300      -164.785500       346.434900       -44.161390       348.998200        73.594180        59.998320        -0.024591
1643124168.0000    202290.300000        11.572590    202893.300000       131.429300    202526.700000      -108.601600       346.447100      -166.121800       351.087600       -45.598080       354.384900        72.167450        59.996480         0.034554
1643124169.0000    202370.900000         9.686629    202968.900000       129.547300    202600.200000      -110.486800       345.057200      -167.722300       349.921500       -47.233350       353.062100        70.572190        59.994250        -0.012942
1643124170.0000    202321.800000         7.128861    202935.100000       126.984000    202572.600000      -113.044200       346.787600      -170.294800       351.696300       -49.781940       354.871500        68.020820        59.992100         0.068920
1643124171.0000    202281.100000         4.061739    202896.300000       123.922700    202519.300000      -116.107300       344.500300      -173.355100       349.318800       -52.861230       352.720000        64.983140        59.990060         0.016217
1643124172.0000    202271.100000         0.121634    202881.400000       119.979000    202515.600000      -120.049100       343.260400      -177.442500       348.218600       -56.946000       351.475100        60.856590        59.987920        -0.023548
1643124173.0000    202267.300000        -4.620118    202882.100000       115.237800    202513.700000      -124.789500       342.904900       177.956000       348.074200       -61.519170       351.025100        56.316100        59.985330        -0.004982
1643124174.0000    202255.800000       -10.333110    202855.800000       109.526800    202489.200000      -130.503400       340.374300       172.138500       345.345000       -67.298450       348.150000        50.520420        59.982730         0.023088
1643124175.0000    202284.100000       -17.042770    202876.500000       102.815000    202519.100000      -137.216100       341.145100       165.496200       345.933000       -73.947630       348.957700        43.821580        59.980810        -0.049115
1643124176.0000    202374.800000       -24.330710    202971.300000        95.530100    202614.400000      -144.499200       336.092800       158.317800       341.098800       -81.100380       343.741900        36.723380        59.980030         0.013031
1643124177.0000    202350.600000       -32.234650    202933.000000        87.619810    202596.600000      -152.411100       339.168400       150.304800       343.919600       -89.172820       347.163700        28.630960        59.978680        -0.017590
1643124178.0000    202377.900000       -40.134720    202963.400000        79.728570    202598.100000      -160.306300       339.631100       142.492800       344.487500       -96.922050       347.348600        20.868430        59.977690        -0.031845
1643124179.0000    202337.700000       -48.910920    202934.400000        70.950820    202569.700000      -169.080000       339.019200       133.623700       343.779100      -105.828200       346.767600        11.964430        59.974830         0.008268
