Terminal: LT 440  CABREUVA - BAURU C1
Tensão base: 440 kV
SOC inicial: 1643124120
SOC final: 1643124179
Taxa: 1 fasores/s
Total de frames faltantes: - 

Tempo_(SOC)           VA_mod_(V)     VA_ang_(graus)     VB_mod_(V)     VB_ang_(graus)     VC_mod_(V)     VC_ang_(graus)     IA_mod_(A)     IA_ang_(graus)     IB_mod_(A)     IB_ang_(graus)     IC_mod_(A)     IC_ang_(graus)     Frequência        Delta_Freq     Faltante
1643124120.0000    242115.500000      -118.342700    241853.700000       121.715200    241265.900000         1.361853       757.392100        52.839690       761.081800       -67.453900       761.384000       172.312300        59.974490        -0.013733          *
1643124121.0000    242022.500000      -120.489100    241711.400000       119.590700    241256.100000        -0.756703       758.026600        50.645440       761.414800       -69.666180       761.169400       170.162500        59.974050        -0.051041
1643124122.0000    242215.500000      -129.950300    241744.100000       110.102400    241261.700000       -10.203340       757.957800        41.326100       762.312400       -79.017560       761.528600       160.717700        59.972290        -0.046692
1643124123.0000    242337.400000      -139.883500    242188.200000       100.144600    241461.000000       -20.215880       755.659700        31.362650       759.827700       -88.804060       761.090500       150.833200        59.974600         0.084457
1643124124.0000    242298.800000      -150.106900    242034.800000        89.949130    241454.900000       -30.401180       757.057700        21.148650       760.816400       -99.095120       761.300900       140.617200        59.973320         0.044861
1643124125.0000    242256.800000      -160.790300    241990.100000        79.218890    241244.800000       -41.106890       756.099200        10.393360       760.794300      -109.765900       761.295700       129.841600        59.971060         0.145340
1643124126.0000    242128.400000      -172.026000    241885.300000        68.012050    241219.600000       -52.339580       757.144600        -0.846245       761.378000      -121.084300       761.848300       118.601700        59.967240        -0.030212
1643124127.0000    242452.000000       176.433300    242053.100000        56.451260    241410.300000       -63.853780       754.601300       -12.237640       760.075400      -132.554400       759.127400       107.149500        59.967580        -0.030212
1643124128.0000    242486.600000       165.152800    241910.300000        45.221860    241545.300000       -75.073580       755.812700       -23.480680       759.948500      -143.868900       758.280900        95.948620        59.967190        -0.199127
1643124129.0000    242361.200000       153.722500    241994.800000        33.726160    241282.900000       -86.575490       755.561000       -35.042670       761.006200      -155.388100       760.675600        84.271720        59.974990         0.348129
1643124130.0000    242341.300000       142.340500    242096.500000        22.401230    241523.200000       -97.954090       755.082500       -46.412070       759.122300      -166.685400       759.537900        73.024240        59.974710         0.170746
1643124131.0000    241525.700000       130.684100    241448.000000        10.727860    240758.400000      -109.657000       760.100900       -58.490330       763.858000      -178.614200       765.997400        61.040780        59.957900        -0.362549
1643124132.0000    241436.800000       118.365400    241426.100000        -1.576117    240760.600000      -121.977800       760.811500       -70.923500       763.913100       168.991300       766.335500        48.683060        59.964160         0.078506
1643124133.0000    242138.000000       105.527700    241866.200000       -14.497190    241004.600000      -134.804800       756.050000       -83.386180       762.757400       156.390300       761.724200        35.946210        59.962970        -0.066376
1643124134.0000    241935.500000        91.934750    241781.900000       -28.078470    240875.000000      -148.415000       757.551000       -97.022980       763.584300       142.812700       764.277400        22.361540        59.959660         0.067291
1643124135.0000    242393.900000        77.688790    242001.500000       -42.351070    241161.800000      -162.624500       754.749400      -111.046400       761.860000       128.688500       760.337500         8.210437        59.960090        -0.005264
1643124136.0000    242031.100000        63.194050    241736.500000       -56.799520    241007.800000      -177.115400       756.696500      -125.740400       762.080600       114.016000       761.919100        -6.325641        59.960310        -0.103455
1643124137.0000    242079.300000        49.133800    241772.100000       -70.858600    241050.700000       168.822900       756.701000      -139.730800       762.359100        99.992070       761.759600       -20.389410        59.960720        -0.031128
1643124138.0000    242179.400000        35.711530    241959.000000       -84.263990    241255.500000       155.387300       756.524700      -153.139600       761.078800        86.658580       761.828400       -33.684170        59.963990        -0.079422
1643124139.0000    242415.800000        22.984190    242010.600000       -97.031170    241243.800000       142.685500       754.931000      -165.769000       761.169400        73.945370       760.045200       -46.489500        59.969020         0.059967
1643124140.0000    242103.100000        10.353040    241785.400000      -109.611200    241169.300000       130.057300       757.553200      -178.498800       762.424700        61.222760       762.481900       -59.037310        59.969850         0.130463
1643124141.0000    242345.600000        -1.606790    241947.700000      -121.658000    241069.900000       118.070500       754.950100       169.643800       762.237400        49.378830       761.207600       -71.109290        59.966420         0.106201
1643124142.0000    242352.800000       -13.400760    241944.600000      -133.398300    241266.100000       106.306800       755.102500       157.878200       761.306300        37.579700       760.657700       -82.800880        59.968040         0.022888
1643124143.0000    242405.200000       -24.554620    242029.600000      -144.546600    241349.500000        95.153740       754.832300       146.781100       760.758700        26.480860       759.500000       -93.872510        59.969000        -0.087891
1643124144.0000    242466.900000       -35.053520    241938.100000      -155.097800    241157.300000        84.653950       755.253200       136.268300       762.165700        15.954430       760.322600      -104.542400        59.969480        -0.054932
1643124145.0000    242199.600000       -43.071570    241717.300000      -163.099400    240957.000000        76.636340       757.272900       128.083100       764.150500         7.788465       762.526900      -112.641700        59.970800         0.066376          *
1643124146.0000    242199.600000       -43.071570    241717.300000      -163.099400    240957.000000        76.636340       757.272900       128.083100       764.150500         7.788465       762.526900      -112.641700        59.970800         0.066376          *
1643124147.0000    242199.600000       -43.071570    241717.300000      -163.099400    240957.000000        76.636340       757.272900       128.083100       764.150500         7.788465       762.526900      -112.641700        59.970800         0.066376          *
1643124148.0000    242199.600000       -43.071570    241717.300000      -163.099400    240957.000000        76.636340       757.272900       128.083100       764.150500         7.788465       762.526900      -112.641700        59.970800         0.066376          *
1643124149.0000    242199.600000       -43.071570    241717.300000      -163.099400    240957.000000        76.636340       757.272900       128.083100       764.150500         7.788465       762.526900      -112.641700        59.970800         0.066376          *
1643124150.0000    242199.600000       -43.071570    241717.300000      -163.099400    240957.000000        76.636340       757.272900       128.083100       764.150500         7.788465       762.526900      -112.641700        59.970800         0.066376          *
1643124151.0000    242199.600000       -43.071570    241717.300000      -163.099400    240957.000000        76.636340       757.272900       128.083100       764.150500         7.788465       762.526900      -112.641700        59.970800         0.066376          *
1643124152.0000    242199.600000       -43.071570    241717.300000      -163.099400    240957.000000        76.636340       757.272900       128.083100       764.150500         7.788465       762.526900      -112.641700        59.970800         0.066376          *
1643124153.0000    242199.600000       -43.071570    241717.300000      -163.099400    240957.000000        76.636340       757.272900       128.083100       764.150500         7.788465       762.526900      -112.641700        59.970800         0.066376          *
1643124154.0000    242199.600000       -43.071570    241717.300000      -163.099400    240957.000000        76.636340       757.272900       128.083100       764.150500         7.788465       762.526900      -112.641700        59.970800         0.066376          *
1643124155.0000    242199.600000       -43.071570    241717.300000      -163.099400    240957.000000        76.636340       757.272900       128.083100       764.150500         7.788465       762.526900      -112.641700        59.970800         0.066376          *
1643124156.0000    242199.600000       -43.071570    241717.300000      -163.099400    240957.000000        76.636340       757.272900       128.083100       764.150500         7.788465       762.526900      -112.641700        59.970800         0.066376          *
1643124157.0000    242199.600000       -43.071570    241717.300000      -163.099400    240957.000000        76.636340       757.272900       128.083100       764.150500         7.788465       762.526900      -112.641700        59.970800         0.066376          *
1643124158.0000    242199.600000       -43.071570    241717.300000      -163.099400    240957.000000        76.636340       757.272900       128.083100       764.150500         7.788465       762.526900      -112.641700        59.970800         0.066376          *
1643124159.0000    242199.600000       -43.071570    241717.300000      -163.099400    240957.000000        76.636340       757.272900       128.083100       764.150500         7.788465       762.526900      -112.641700        59.970800         0.066376          *
1643124160.0000    242199.600000       -43.071570    241717.300000      -163.099400    240957.000000        76.636340       757.272900       128.083100       764.150500         7.788465       762.526900      -112.641700        59.970800         0.066376          *
1643124161.0000    242199.600000       -43.071570    241717.300000      -163.099400    240957.000000        76.636340       757.272900       128.083100       764.150500         7.788465       762.526900      -112.641700        59.970800         0.066376          *
1643124162.0000    242199.600000       -43.071570    241717.300000      -163.099400    240957.000000        76.636340       757.272900       128.083100       764.150500         7.788465       762.526900      -112.641700        59.970800         0.066376          *
1643124163.0000    242199.600000       -43.071570    241717.300000      -163.099400    240957.000000        76.636340       757.272900       128.083100       764.150500         7.788465       762.526900      -112.641700        59.970800         0.066376          *
1643124164.0000    242199.600000       -43.071570    241717.300000      -163.099400    240957.000000        76.636340       757.272900       128.083100       764.150500         7.788465       762.526900      -112.641700        59.970800         0.066376          *
1643124165.0000    242199.600000       -43.071570    241717.300000      -163.099400    240957.000000        76.636340       757.272900       128.083100       764.150500         7.788465       762.526900      -112.641700        59.970800         0.066376          *
1643124166.0000    242199.600000       -43.071570    241717.300000      -163.099400    240957.000000        76.636340       757.272900       128.083100       764.150500         7.788465       762.526900      -112.641700        59.970800         0.066376          *
1643124167.0000    242199.600000       -43.071570    241717.300000      -163.099400    240957.000000        76.636340       757.272900       128.083100       764.150500         7.788465       762.526900      -112.641700        59.970800         0.066376          *
1643124168.0000    242199.600000       -43.071570    241717.300000      -163.099400    240957.000000        76.636340       757.272900       128.083100       764.150500         7.788465       762.526900      -112.641700        59.970800         0.066376          *
1643124169.0000    242199.600000       -43.071570    241717.300000      -163.099400    240957.000000        76.636340       757.272900       128.083100       764.150500         7.788465       762.526900      -112.641700        59.970800         0.066376          *
1643124170.0000    242199.600000       -43.071570    241717.300000      -163.099400    240957.000000        76.636340       757.272900       128.083100       764.150500         7.788465       762.526900      -112.641700        59.970800         0.066376          *
1643124171.0000    242127.600000      -150.807400    241794.300000        89.211630    241096.900000       -31.100630       756.665100        20.446040       761.707100       -99.874850       760.891800       139.791800        59.988780         0.031586
1643124172.0000    242344.200000      -154.713900    242000.500000        85.291590    241283.600000       -35.015750       756.415600        16.620540       760.923500      -103.654400       760.749300       136.015900        59.987710         0.049667
1643124173.0000    241972.600000      -159.540600    241718.300000        80.538040    241230.000000       -39.820200       759.160000        11.682130       762.399600      -108.598200       762.288400       131.219800        59.984210        -0.022202
1643124174.0000    242123.700000      -165.427000    241788.200000        74.609520    241183.300000       -45.715530       758.712000         5.878710       762.922100      -114.422800       762.921300       125.279800        59.983860         0.180130
1643124175.0000    242124.000000      -172.032200    241757.300000        68.023530    241236.800000       -52.305370       758.510800        -0.747490       762.383700      -121.049000       761.735000       118.695400        59.983440        -0.007324
1643124176.0000    241626.900000      -179.552500    241426.100000        60.565640    241043.300000       -59.830090       760.286100        -8.549636       761.562600      -128.800200       763.721700       111.070900        59.975380        -0.257263
1643124177.0000    242238.600000       172.706500    241792.900000        52.763080    241294.000000       -67.545150       757.621900       -15.948990       761.638400      -136.320200       760.910300       103.463500        59.973710         0.005264
1643124178.0000    242255.600000       164.726800    241761.900000        44.770770    241253.400000       -75.523670       757.089100       -23.966650       761.960800      -144.320600       760.935200        95.411900        59.982350         0.292969
1643124179.0000    242026.700000       155.953500    241874.500000        36.010680    241223.000000       -84.359900       758.303000       -32.870540       761.825100      -153.042000       762.937300        86.661390        59.974600        -0.026550
