Terminal: LT 440  AGUA AZUL - BOM JARDIM C1
Tensão base: 440 kV
SOC inicial: 1643124120
SOC final: 1643124179
Taxa: 1 fasores/s
Total de frames faltantes: - 

Tempo_(SOC)           VA_mod_(V)     VA_ang_(graus)     VB_mod_(V)     VB_ang_(graus)     VC_mod_(V)     VC_ang_(graus)     IA_mod_(A)     IA_ang_(graus)     IB_mod_(A)     IB_ang_(graus)     IC_mod_(A)     IC_ang_(graus)     Frequência        Delta_Freq     Faltante
1643124120.0000    256805.700000      -111.828000    258579.300000       128.099900    257643.500000         8.044655       505.140500        89.823650       542.867100       -31.167730       489.109700      -154.821500        59.973900         0.020828
1643124121.0000    256632.400000      -120.919000    258533.400000       119.036600    257634.000000        -1.056382       504.781300        80.716400       542.249000       -40.249870       488.529300      -163.989400        59.974160        -0.062027
1643124122.0000    256762.800000      -130.392200    258463.000000       109.545200    257584.200000       -10.499400       504.949600        71.124950       542.021100       -49.922920       489.091900      -173.559900        59.970600        -0.133896
1643124123.0000    256853.200000      -140.340900    258820.300000        99.589260    257798.200000       -20.502270       505.418500        61.036780       540.816400       -60.076550       486.795800       176.424700        59.973190         0.007095
1643124124.0000    256890.600000      -150.549600    258753.000000        89.386730    257811.300000       -30.687330       504.606800        50.912370       540.957800       -70.144170       487.048500       166.338700        59.972610         0.068207
1643124125.0000    256880.100000      -161.238400    258729.500000        78.677220    257682.100000       -41.385950       504.868700        40.278260       539.852800       -80.736600       486.384200       155.785000        59.970620         0.071640
1643124126.0000    256649.500000      -172.466100    258617.200000        67.459530    257568.300000       -52.629600       504.664600        29.091540       541.093400       -91.931080       487.175600       144.498400        59.967460        -0.028839
1643124127.0000    256971.000000       175.983900    258757.500000        55.899630    257747.100000       -64.152150       504.460800        17.389220       539.084200      -103.538700       487.603200       132.899500        59.967300        -0.036392
1643124128.0000    256942.200000       164.716800    258623.400000        44.663730    257795.900000       -75.380870       501.530300         6.152190       538.074900      -114.642900       486.860600       121.519200        59.967170        -0.139847
1643124129.0000    256847.200000       153.273700    258724.400000        33.186340    257670.800000       -86.879560       504.501700        -5.288386       539.917400      -126.255500       488.356000       110.208200        59.972040         0.218811
1643124130.0000    256907.400000       141.901600    258811.500000        21.846370    257877.300000       -98.240190       501.442100       -16.375270       539.116100      -137.514600       484.571000        98.911070        59.972710         0.083084
1643124131.0000    256380.300000       130.257300    258366.900000        10.187540    257329.100000      -109.909900       501.841400       -27.517530       538.043800      -148.742700       482.639800        87.878950        59.960880        -0.260239
1643124132.0000    256377.500000       117.949600    258377.400000        -2.124627    257314.900000      -122.220800       502.541400       -39.642790       539.662500      -161.003800       482.999700        75.556880        59.963960        -0.015564
1643124133.0000    256723.900000       105.071800    258627.800000       -15.021670    257512.800000      -135.089100       502.685000       -53.136760       536.723000      -174.242200       483.771100        62.512120        59.964150        -0.028839
1643124134.0000    256508.300000        91.496300    258526.200000       -28.606220    257342.300000      -148.690200       502.215900       -66.708020       535.173200       172.205900       483.004200        48.938100        59.958540        -0.024033
1643124135.0000    256871.400000        77.229040    258695.800000       -42.877590    257574.800000      -162.921400       501.366500       -81.286330       534.847200       157.894400       484.483900        34.513400        59.960330         0.034103
1643124136.0000    256738.300000        62.776820    258600.500000       -57.321020    257497.200000      -177.377300       500.229600       -95.293330       534.071000       143.770800       482.175700        20.311110        59.960960        -0.041199
1643124137.0000    256659.000000        48.694680    258540.600000       -71.383840    257495.300000       168.546400       501.112600      -109.477500       534.455300       129.534800       483.155100         6.232483        59.961200        -0.022659
1643124138.0000    256794.400000        35.267440    258694.000000       -84.807990    257653.100000       155.114300       501.841200      -122.862900       535.532200       115.987300       482.972800        -7.305236        59.964750        -0.008240
1643124139.0000    256743.600000        22.514690    258614.900000       -97.581590    257535.400000       142.364800       502.043800      -136.090500       535.691300       103.073900       484.714400       -20.390550        59.968880         0.162506
1643124140.0000    256656.700000         9.914165    258543.000000      -110.153100    257554.700000       129.770400       501.205300      -148.257500       536.545200        90.727430       483.641200       -32.786450        59.968650         0.110321
1643124141.0000    256747.400000        -2.072217    258586.300000      -122.191600    257442.100000       117.767800       501.914700      -160.536700       534.579500        78.566250       484.260600       -44.702350        59.966750         0.083084
1643124142.0000    256766.400000       -13.852190    258601.400000      -133.934600    257592.000000       106.006900       501.524700      -172.273300       535.509700        66.846500       484.025500       -56.612340        59.967600        -0.018539
1643124143.0000    256868.500000       -25.007580    258705.800000      -145.089600    257694.800000        94.852310       500.598800       176.658500       535.045500        55.710010       483.916400       -67.770830        59.969680        -0.037994
1643124144.0000    256877.700000       -35.516600    258625.700000      -155.624700    257551.300000        84.344730       501.451500       165.951200       533.977000        45.268010       484.858900       -78.107160        59.970520         0.000916
1643124145.0000    256642.500000       -45.672130    258370.700000      -165.752400    257385.100000        74.207020       500.996400       156.128300       536.131900        35.334320       485.083000       -88.184230        59.972990         0.022659
1643124146.0000    256504.100000       -55.379470    258080.800000      -175.436200    257260.400000        64.543330       499.375200       146.703100       536.658300        26.154910       486.861900       -97.676800        59.971170         0.051270
1643124147.0000    256828.900000       -64.866910    258634.300000       175.038200    257581.200000        54.990120       502.749400       136.757600       536.012100        15.877640       485.539300      -107.490700        59.972760        -0.042572
1643124148.0000    256706.100000       -74.322430    258377.500000       165.574700    257348.600000        45.557820       500.636300       127.437500       535.577400         6.663351       484.971700      -116.884900        59.977230         0.159760
1643124149.0000    256693.800000       -83.338580    258488.100000       156.567200    257433.500000        36.521160       501.464100       118.500000       536.341900        -2.443429       484.363900      -125.966000        59.975570         0.054932
1643124150.0000    256938.800000       -91.808720    258672.700000       148.091200    257637.200000        28.063720       502.578300       109.596300       535.571500       -11.295170       485.655800      -134.662700        59.978140         0.042114
1643124151.0000    256943.200000       -99.336300    258734.200000       140.575300    257703.400000        20.529580       502.901100       102.000900       536.409500       -18.788280       485.640700      -142.149700        59.982060         0.086288
1643124152.0000    256889.500000      -106.318600    258729.000000       133.591000    257673.400000        13.534810       501.991500        95.357760       536.596600       -25.573090       484.290700      -148.976700        59.981910         0.008011
1643124153.0000    256511.400000      -112.778600    258553.200000       127.160300    257494.800000         7.054372       503.086700        89.211570       537.918300       -32.193410       483.065000      -155.527300        59.983170         0.022202
1643124154.0000    256794.800000      -118.634200    258637.800000       121.266200    257553.400000         1.214559       501.091300        82.994080       535.188800       -37.955900       483.624600      -161.450300        59.982900        -0.021973
1643124155.0000    256858.400000      -123.693700    258613.300000       116.219500    257624.700000        -3.819041       500.933800        78.045020       535.537700       -42.850190       483.666800      -166.326900        59.986150        -0.052643
1643124156.0000    256763.800000      -127.910300    258649.300000       112.015600    257643.600000        -8.056850       499.447600        74.026250       534.246600       -47.017920       481.277300      -170.360900        59.985250        -0.151520
1643124157.0000    256895.400000      -131.825000    258641.600000       108.107300    257708.400000       -11.943580       499.713600        69.942260       535.639200       -50.919720       483.572900      -174.481500        59.991550         0.097046
1643124158.0000    256878.900000      -135.213800    258660.900000       104.704800    257649.000000       -15.347340       500.650700        66.678870       534.959600       -54.311750       482.767800      -177.788500        59.990890        -0.089264
1643124159.0000    256833.200000      -137.613200    258760.500000       102.309800    257708.700000       -17.773160       500.945300        64.064780       535.021800       -57.043290       481.669500       179.645300        59.995960         0.090866
1643124160.0000    256890.500000      -139.399900    258751.000000       100.517700    257714.800000       -19.543100       500.086700        62.440610       534.982500       -58.612010       482.220200       177.968800        59.996240         0.004578
1643124161.0000    256721.000000      -140.366100    258549.200000        99.575390    257620.300000       -20.492730       499.532500        61.548500       536.489600       -59.458760       482.709200       176.872600        59.998010         0.016022
1643124162.0000    256649.900000      -140.904000    258556.500000        99.044230    257591.200000       -21.045750       500.042000        61.105670       536.726200       -59.997410       481.859900       176.374300        59.998880        -0.005035
1643124163.0000    256365.200000      -141.029300    258277.700000        98.894750    257226.700000       -21.184700       503.435200        61.095910       539.529000       -60.196530       484.110800       176.403800        60.001630         0.081711
1643124164.0000    256725.000000      -141.013000    258555.800000        98.891740    257478.100000       -21.158790       503.553600        60.534750       537.780000       -60.431130       486.270800       176.142400        59.999850         0.055161
1643124165.0000    256758.600000      -141.009200    258662.600000        98.898090    257559.800000       -21.171130       503.688400        60.291370       538.552900       -60.826150       484.818000       175.857900        59.999580        -0.022430
1643124166.0000    256640.400000      -141.409400    258491.500000        98.527130    257542.000000       -21.547170       503.279400        60.084160       539.563700       -60.940980       485.429500       175.528800        59.998810         0.061340
1643124167.0000    256644.500000      -142.373700    258579.400000        97.542820    257514.800000       -22.532600       503.062100        59.065350       539.186200       -61.998940       486.024600       174.439900        59.998200         0.068207
1643124168.0000    256848.200000      -143.534100    258780.300000        96.376340    257694.200000       -23.695580       503.020500        57.864060       538.245700       -63.320850       484.395100       173.170400        59.995790        -0.076218
1643124169.0000    256741.000000      -145.485100    258671.600000        94.452870    257667.000000       -25.636130       502.586000        55.956500       538.475600       -65.151250       484.564400       171.298100        59.994570         0.075073
1643124170.0000    256648.500000      -148.045100    258502.500000        91.889500    257554.900000       -28.184550       500.874100        53.702180       536.888700       -67.365760       483.533800       169.021400        59.988920        -0.110092
1643124171.0000    256605.300000      -151.247600    258491.100000        88.666850    257425.300000       -31.400060       501.865800        50.479320       536.306600       -70.461110       484.116500       165.997700        59.989170        -0.011673
1643124172.0000    256752.900000      -155.160700    258610.100000        84.745720    257541.200000       -35.311020       502.239700        46.288670       536.257600       -74.697170       484.063400       161.934000        59.988590         0.040283
1643124173.0000    256542.600000      -159.968300    258479.500000        79.979450    257506.300000       -40.115240       501.898700        41.950470       538.694700       -79.196800       484.002000       157.150900        59.984540        -0.030212
1643124174.0000    256568.300000      -165.868600    258420.800000        74.057910    257425.900000       -46.009230       503.228300        35.720530       539.020100       -85.325280       485.924200       151.059600        59.981630         0.056305
1643124175.0000    256568.100000      -172.467000    258462.100000        67.463910    257459.900000       -52.610810       502.670000        29.243620       539.978000       -91.877940       485.305500       144.457900        59.981240        -0.035706
1643124176.0000    256366.000000      -179.970800    258262.300000        59.991370    257361.000000       -60.109270       503.279300        22.017310       540.548000       -99.149230       485.720000       137.232800        59.976950        -0.172806
1643124177.0000    256749.700000       172.281200    258521.600000        52.205060    257562.100000       -67.846830       501.587400        13.893070       538.115700      -107.097300       485.057800       129.248700        59.976600         0.043030
1643124178.0000    256619.800000       164.280900    258380.100000        44.213250    257449.800000       -75.838390       503.169600         5.722477       538.812500      -115.139800       487.312900       121.183000        59.980290         0.158615
1643124179.0000    256540.100000       155.514300    258484.000000        35.451030    257465.400000       -84.642210       503.484000        -2.847911       539.674700      -124.019900       485.177000       112.448800        59.975310         0.021973
