Terminal: LT 440  BAGUACU - BAURU C2
Tensão base: 440 kV
SOC inicial: 1643124120
SOC final: 1643124179
Taxa: 1 fasores/s
Total de frames faltantes: - 

Tempo_(SOC)           VA_mod_(V)     VA_ang_(graus)     VB_mod_(V)     VB_ang_(graus)     VC_mod_(V)     VC_ang_(graus)     IA_mod_(A)     IA_ang_(graus)     IB_mod_(A)     IB_ang_(graus)     IC_mod_(A)     IC_ang_(graus)     Frequência        Delta_Freq     Faltante
1643124120.0000    264670.900000       -90.796170    263434.600000       148.922400    263309.100000        28.983160       714.559300       -83.434040       695.688400       155.525500       718.423100        35.187810        59.974260         0.001660
1643124121.0000    264607.500000       -99.888110    263445.500000       139.835100    263302.100000        19.879570       714.096300       -92.590060       695.315400       146.428400       718.493200        26.139320        59.974790        -0.041069
1643124122.0000    264658.100000      -109.343200    263388.700000       130.381200    263301.800000        10.445600       714.384000      -101.985800       695.717300       136.958400       718.493700        16.656270        59.973150        -0.038643
1643124123.0000    264700.700000      -119.342500    263538.800000       120.366100    263336.100000         0.418177       712.767500      -111.966300       694.803300       127.118700       717.643100         6.708877        59.972760        -0.012736
1643124124.0000    264726.700000      -129.545100    263524.400000       110.172700    263380.800000        -9.772623       713.244400      -122.142700       695.061000       116.864900       717.115600        -3.476944        59.971790         0.027146
1643124125.0000    264684.200000      -140.248000    263458.400000        99.458080    263279.200000       -20.476440       712.873400      -132.853500       694.951100       106.157500       717.476300       -14.247890        59.970030        -0.016196
1643124126.0000    264626.100000      -151.444600    263459.300000        88.262860    263253.500000       -31.683410       713.936400      -144.087200       695.675400        94.934050       718.289600       -25.443350        59.968350         0.010799
1643124127.0000    264723.300000      -163.039500    263485.900000        76.670290    263327.400000       -43.263420       712.818200      -155.620300       694.384700        83.335600       717.021700       -36.970690        59.968040         0.029007
1643124128.0000    264708.900000      -174.296100    263442.500000        65.436050    263387.000000       -54.502790       713.182800      -166.905000       693.942300        72.069690       716.678300       -48.220680        59.969100        -0.005232
1643124129.0000    264753.500000       174.260800    263542.600000        53.966960    263353.100000       -65.969960       712.822800      -178.329800       694.888400        60.644230       716.727200       -59.719040        59.968750         0.084781
1643124130.0000    264731.300000       162.865600    263589.900000        42.586400    263426.500000       -77.370890       712.376200       170.235000       693.340600        49.279390       716.214700       -71.097270        59.969550        -0.045868
1643124131.0000    264473.300000       151.299900    263356.600000        31.012030    263138.700000       -88.945930       713.155500       158.563400       694.766800        37.625720       717.854400       -82.763500        59.964880        -0.068640
1643124132.0000    264541.100000       138.990800    263408.700000        18.700610    263188.000000      -101.252800       713.004000       146.256400       695.396000        25.327610       718.554900       -95.064580        59.964700         0.024716
1643124133.0000    264697.400000       126.059600    263499.500000         5.760843    263281.200000      -114.175800       712.422100       133.417900       694.719200        12.408530       716.706500      -107.963700        59.963970        -0.019793
1643124134.0000    264579.700000       112.515500    263407.100000        -7.786337    263162.100000      -127.727300       713.407100       119.851700       696.000200        -1.109718       718.158900      -121.527900        59.961270         0.019099
1643124135.0000    264727.800000        98.202220    263470.500000       -22.094110    263292.500000      -142.021000       712.733900       105.653600       694.958400       -15.423750       716.530900      -135.784800        59.959760         0.019867
1643124136.0000    264623.300000        83.748010    263414.800000       -36.544590    263228.800000      -156.482900       712.504100        91.048450       694.736300       -29.970940       717.230100      -150.305900        59.960000        -0.033899
1643124137.0000    264655.200000        69.689140    263439.700000       -50.600550    263265.100000      -170.538700       713.491400        77.016210       695.309600       -44.000400       717.654400      -164.359600        59.961970        -0.010656
1643124138.0000    264678.500000        56.274410    263495.300000       -64.014240    263310.000000       176.040600       714.259400        63.568110       695.599500       -57.401580       718.485200      -177.778000        59.963530         0.003088
1643124139.0000    264760.900000        43.515340    263507.700000       -76.776330    263341.300000       163.293500       713.872000        50.905890       696.131300       -70.113550       717.966900       169.510000        59.966100         0.038869
1643124140.0000    264682.700000        30.930000    263467.200000       -89.352520    263319.700000       150.706000       713.896400        38.261240       695.364600       -82.756920       718.063800       156.920000        59.966660         0.028618
1643124141.0000    264719.800000        18.927100    263427.300000      -101.377400    263231.900000       138.706000       713.721100        26.320310       695.895100       -94.742450       717.696000       144.889700        59.968210         0.001371
1643124142.0000    264684.900000         7.160610    263435.200000      -113.128800    263280.600000       126.938600       715.040700        14.544030       696.639100      -106.479900       718.937700       133.166700        59.968050         0.026503
1643124143.0000    264719.200000        -4.007060    263491.800000      -124.298400    263320.800000       115.766300       713.954100         3.360489       695.987100      -117.666900       718.154700       121.966300        59.969300        -0.021453
1643124144.0000    264753.800000       -14.512600    263436.300000      -134.811000    263280.600000       105.274100       714.983200        -7.122636       696.606600      -128.205900       717.873700       111.455200        59.972330         0.039921
1643124145.0000    264655.700000       -24.620140    263374.300000      -144.905800    263245.500000        95.166080       715.080900       -17.292130       697.275900      -138.331000       719.214000       101.311900        59.972970         0.044317
1643124146.0000    264648.600000       -34.316210    263281.100000      -154.583400    263269.800000        85.495880       715.916000       -26.967910       696.352900      -148.099000       718.364300        91.679950        59.974720         0.105266
1643124147.0000    264693.900000       -43.843630    263443.000000      -164.140100    263262.600000        75.932130       713.954300       -36.487580       696.374500      -157.489700       718.583600        82.117210        59.974190        -0.036840
1643124148.0000    264651.700000       -53.285190    263340.600000      -173.577200    263206.800000        66.503980       715.009400       -45.919180       696.367100      -167.004500       718.057300        72.658570        59.975050        -0.065148
1643124149.0000    264651.800000       -62.311520    263392.800000       177.394900    263227.600000        57.466660       714.498700       -54.970360       696.183000      -175.986300       718.476900        63.625020        59.976220        -0.050992
1643124150.0000    264774.000000       -70.814090    263486.100000       168.891300    263333.100000        48.969260       713.782400       -63.385750       695.784900       175.565100       717.577800        55.194640        59.978100         0.012809
1643124151.0000    264777.300000       -78.325990    263518.200000       161.378600    263345.800000        41.450890       714.125700       -70.924640       695.828800       168.028000       718.073600        47.664020        59.980930        -0.001134
1643124152.0000    264710.700000       -85.318200    263487.700000       154.389000    263307.300000        34.453510       713.992900       -77.930340       695.840700       161.024100       718.300500        40.700550        59.981360        -0.015875
1643124153.0000    264591.300000       -91.715230    263467.900000       147.993000    263239.300000        28.037940       714.323500       -84.452180       696.295900       154.640600       719.737900        34.226950        59.982490        -0.009095
1643124154.0000    264702.900000       -97.639980    263461.200000       142.059600    263260.600000        22.131650       712.907900       -90.314850       695.020600       148.704800       717.498100        28.335460        59.984870        -0.064744
1643124155.0000    264732.500000      -102.709500    263482.900000       137.003700    263342.100000        17.071060       713.182200       -95.354590       694.699500       143.624800       717.118200        23.288040        59.987430         0.024256
1643124156.0000    264691.100000      -106.934100    263498.400000       132.778500    263327.000000        12.835010       712.121500       -99.600230       694.003500       139.464000       717.035500        19.063740        59.989270         0.020211
1643124157.0000    264729.600000      -110.825900    263485.800000       128.894200    263369.000000         8.956635       713.618900      -103.444700       695.089300       135.540500       717.186300        15.201500        59.990510         0.042451
1643124158.0000    264716.200000      -114.247700    263473.300000       125.463500    263321.100000         5.530375       713.032800      -106.897200       694.418900       132.094700       716.671000        11.748730        59.993700        -0.077243
1643124159.0000    264702.000000      -116.622600    263535.500000       123.082500    263320.900000         3.137254       713.144500      -109.245900       695.522000       129.775700       718.228600         9.380129        59.994380        -0.004653
1643124160.0000    264734.400000      -118.418600    263522.600000       121.288800    263338.300000         1.351633       713.342200      -111.036800       695.089400       127.972400       718.043100         7.607680        59.996170        -0.003635
1643124161.0000    264639.900000      -119.330300    263415.600000       120.390600    263290.900000         0.447941       714.685200      -111.982600       696.145100       127.005100       718.848000         6.683422        59.998330         0.019499
1643124162.0000    264582.500000      -119.880900    263426.700000       119.837800    263259.200000        -0.116760       713.897000      -112.599900       695.097200       126.466500       718.582300         6.093017        59.998390        -0.040539
1643124163.0000    264525.800000      -119.941200    263340.500000       119.770000    263150.800000        -0.175133       715.255100      -112.700800       696.499100       126.319100       720.302600         5.988916        60.000540         0.001835
1643124164.0000    264658.600000      -119.976700    263412.300000       119.724400    263218.900000        -0.203494       714.318400      -112.628100       696.306300       126.358000       718.265300         5.983691        60.000450         0.001631
1643124165.0000    264653.500000      -119.976200    263459.000000       119.723800    263238.200000        -0.213845       714.230500      -112.581800       696.426300       126.430500       718.739300         6.028954        59.999930        -0.028024
1643124166.0000    264608.900000      -120.360100    263418.400000       119.357900    263265.200000        -0.588967       714.600900      -112.975900       695.497600       126.046200       718.704400         5.682342        59.998570         0.029327
1643124167.0000    264619.800000      -121.329100    263427.700000       118.379000    263234.000000        -1.562978       714.496900      -113.992600       696.131000       125.068700       718.882600         4.690077        59.998140        -0.012253
1643124168.0000    264672.200000      -122.531000    263490.300000       117.172700    263279.700000        -2.769432       713.871100      -115.108500       695.910600       123.923200       718.312600         3.521412        59.997200        -0.033566
1643124169.0000    264603.200000      -124.451500    263438.200000       115.261900    263255.800000        -4.688107       714.011700      -117.061000       696.244600       121.971200       718.926300         1.607340        59.993400        -0.026753
1643124170.0000    264561.800000      -127.027800    263364.500000       112.689100    263210.900000        -7.256277       714.149800      -119.685700       695.448700       119.333500       718.269200        -0.993366        59.991450        -0.010128
1643124171.0000    264575.900000      -130.209900    263360.300000       109.496900    263172.100000       -10.440150       714.790300      -122.851900       696.411100       116.114600       719.348800        -4.242900        59.990230         0.001870
1643124172.0000    264653.800000      -134.134300    263419.400000       105.567300    263219.200000       -14.363510       714.384000      -126.761700       696.180500       112.224100       718.583700        -8.164463        59.989060         0.010355
1643124173.0000    264522.300000      -138.892500    263361.800000       100.827100    263195.700000       -19.127570       715.489300      -131.573400       696.838600       107.446600       719.826000       -12.883090        59.985730        -0.022517
1643124174.0000    264567.000000      -144.781900    263343.700000        94.929750    263174.500000       -25.008520       716.082300      -137.436000       697.392200       101.542200       720.105800       -18.804880        59.982460        -0.003766
1643124175.0000    264567.900000      -151.401900    263381.900000        88.317140    263225.500000       -31.631530       715.159200      -144.081600       696.117300        94.954510       719.177200       -25.402240        59.981060         0.014317
1643124176.0000    264458.500000      -158.910100    263323.700000        80.817100    263176.200000       -39.144900       714.108600      -151.655700       694.624000        87.358450       718.332800       -32.926500        59.978830        -0.087668
1643124177.0000    264634.200000      -166.686500    263392.800000        73.030590    263261.000000       -46.906220       714.130600      -159.372400       695.338300        79.641380       718.367800       -40.707230        59.979240        -0.050978
1643124178.0000    264644.800000      -174.673000    263394.500000        65.047680    263276.500000       -54.888160       714.428200      -167.327100       696.180900        71.660550       718.126700       -48.676650        59.978180         0.044705
1643124179.0000    264575.300000       176.581700    263413.000000        56.294640    263220.300000       -63.655320       715.846600      -176.124800       697.089700        62.955010       720.123300       -57.413860        59.975910         0.005819
