Terminal: LT 440  BAGUACU - BAURU C1
Tensão base: 440 kV
SOC inicial: 1643124120
SOC final: 1643124179
Taxa: 1 fasores/s
Total de frames faltantes: - 

Tempo_(SOC)           VA_mod_(V)     VA_ang_(graus)     VB_mod_(V)     VB_ang_(graus)     VC_mod_(V)     VC_ang_(graus)     IA_mod_(A)     IA_ang_(graus)     IB_mod_(A)     IB_ang_(graus)     IC_mod_(A)     IC_ang_(graus)     Frequência        Delta_Freq     Faltante
1643124120.0000    264756.400000       -90.732410    263423.700000       148.997700    263021.800000        29.060990       704.568700       -84.321700       715.674800       154.801800       697.414400        36.495920        59.974270         0.000774
1643124121.0000    264692.700000       -99.823600    263435.300000       139.911100    263012.600000        19.958180       704.092700       -93.449620       715.238300       145.728000       697.528300        27.436030        59.974800        -0.041517
1643124122.0000    264743.400000      -109.278700    263379.300000       130.457400    263013.500000        10.524490       704.622700      -102.861800       715.819800       136.250700       697.671400        17.949560        59.973190        -0.037837
1643124123.0000    264786.400000      -119.279000    263528.300000       120.440900    263048.000000         0.495781       702.858200      -112.795000       714.658200       126.334300       697.103900         7.980282        59.972760        -0.012913
1643124124.0000    264812.900000      -129.481000    263515.100000       110.248400    263092.100000        -9.694274       703.205500      -122.997900       714.678500       116.146000       696.656200        -2.201785        59.971760         0.027289
1643124125.0000    264771.000000      -140.183200    263448.500000        99.534480    262990.900000       -20.397300       702.835800      -133.721700       714.798500       105.400100       696.702600       -12.943700        59.970030        -0.014009
1643124126.0000    264711.700000      -151.381600    263449.100000        88.337450    262964.400000       -31.606220       703.820500      -144.985400       715.796300        94.182570       697.788700       -24.166310        59.968270         0.010353
1643124127.0000    264808.900000      -162.975900    263475.200000        76.745620    263039.200000       -43.185630       702.717200      -156.506900       714.960300        82.606350       695.973400       -35.680600        59.967950         0.028937
1643124128.0000    264795.000000      -174.230400    263432.200000        65.513310    263098.000000       -54.422820       703.033000      -167.758700       714.190700        71.308970       695.925700       -46.948780        59.969100        -0.003439
1643124129.0000    264838.600000       174.323900    263531.700000        54.041780    263064.500000       -65.892460       702.640900      -179.214200       714.992500        59.911820       696.275000       -58.439950        59.968700         0.085828
1643124130.0000    264817.500000       162.928700    263579.800000        42.661180    263138.700000       -77.293430       702.439200       169.377800       713.512600        48.536910       695.764700       -69.778260        59.969610        -0.043167
1643124131.0000    264559.800000       151.364500    263345.400000        31.088090    262850.000000       -88.866710       702.594400       157.702100       714.950100        36.884530       697.407300       -81.470210        59.964830        -0.073051
1643124132.0000    264627.100000       139.054200    263397.600000        18.775600    262899.800000      -101.175000       703.704700       145.377800       714.987300        24.566640       697.713300       -93.801690        59.964670         0.025797
1643124133.0000    264783.900000       126.124000    263489.800000         5.836624    262993.800000      -114.097500       702.726400       132.545500       715.113200        11.682020       696.145400      -106.699500        59.963960        -0.019351
1643124134.0000    264665.700000       112.580700    263396.000000        -7.709900    262873.300000      -127.648100       703.085900       118.987300       715.982400        -1.853512       697.454500      -120.244500        59.961250         0.019034
1643124135.0000    264814.200000        98.266180    263460.000000       -22.018960    263004.100000      -141.942700       702.898300       104.771300       714.804000       -16.170110       695.922000      -134.509200        59.959690         0.021004
1643124136.0000    264708.600000        83.811360    263404.600000       -36.469680    262941.400000      -156.405100       703.065900        90.176090       714.826400       -30.694140       696.593100      -149.035600        59.959970        -0.034278
1643124137.0000    264741.200000        69.753420    263428.200000       -50.524830    262977.700000      -170.460100       703.430200        76.140360       715.363000       -44.747990       696.912200      -163.083500        59.961930        -0.010779
1643124138.0000    264764.200000        56.339290    263484.200000       -63.938040    263022.600000       176.119700       704.134300        62.703080       715.716100       -58.160350       697.614700      -176.489700        59.963550         0.003113
1643124139.0000    264846.100000        43.578300    263496.300000       -76.701920    263053.200000       163.370700       703.721400        50.018310       716.153700       -70.855920       697.272100       170.816000        59.966020         0.035512
1643124140.0000    264768.400000        30.994630    263455.800000       -89.276280    263032.600000       150.784800       703.822600        37.373170       715.113600       -83.498710       697.334700       158.225400        59.966670         0.026212
1643124141.0000    264804.800000        18.992090    263416.700000      -101.300800    262945.000000       138.785200       703.893800        25.433070       716.303500       -95.470350       696.954800       146.154400        59.968190        -0.000740
1643124142.0000    264771.400000         7.224298    263424.300000      -113.053600    262992.100000       127.017000       704.936200        13.660600       716.787100      -107.242200       698.131900       134.439000        59.968030         0.027257
1643124143.0000    264805.700000        -3.943768    263482.000000      -124.223300    263032.600000       115.844100       703.945000         2.472757       716.534700      -118.401700       697.336100       123.251500        59.969300        -0.019166
1643124144.0000    264840.000000       -14.448530    263424.900000      -134.735200    262992.000000       105.352700       704.682100        -7.989245       716.732400      -128.932600       697.444900       112.731200        59.972330         0.041010
1643124145.0000    264741.100000       -24.556390    263362.600000      -144.830700    262957.900000        95.244330       705.477300       -18.171840       717.339700      -139.081500       698.068700       102.614800        59.972960         0.042581
1643124146.0000    264734.400000       -34.251920    263270.300000      -154.507300    262982.000000        85.574840       705.879600       -27.857720       716.742900      -148.853600       697.366000        92.941920        59.974710         0.103578
1643124147.0000    264780.500000       -43.780410    263431.500000      -164.065100    262974.300000        76.009690       704.290400       -37.348070       716.399500      -158.254400       697.700700        83.421410        59.974100        -0.038192
1643124148.0000    264737.500000       -53.222290    263329.200000      -173.502700    262918.700000        66.581160       704.579300       -46.800400       716.495900      -167.751500       697.623200        73.955600        59.974960        -0.067541
1643124149.0000    264739.000000       -62.246750    263381.200000       177.471300    262939.800000        57.546080       704.657900       -55.874200       716.786700      -176.783200       697.857500        64.945470        59.976170        -0.052809
1643124150.0000    264861.200000       -70.750920    263474.700000       168.966000    263044.300000        49.046730       703.970300       -64.317630       715.888500       174.779900       697.002300        56.479410        59.978070         0.011213
1643124151.0000    264863.300000       -78.262340    263506.400000       161.454000    263058.200000        41.529160       703.921400       -71.818530       715.814000       167.277500       697.076700        48.945760        59.980900        -0.001407
1643124152.0000    264796.600000       -85.252900    263476.600000       154.465600    263019.900000        34.533160       703.918200       -78.818480       715.924300       160.321500       697.512900        41.968540        59.981340        -0.016244
1643124153.0000    264677.500000       -91.652250    263457.300000       148.067600    262950.600000        28.115280       704.465600       -85.329970       716.344300       153.869900       699.087500        35.521800        59.982490        -0.009617
1643124154.0000    264788.500000       -97.577740    263450.200000       142.133500    262971.500000        22.208560       703.126400       -91.179700       715.327600       147.977400       696.662400        29.616140        59.984830        -0.062544
1643124155.0000    264819.000000      -102.645200    263471.700000       137.079800    263052.800000        17.150070       703.176600       -96.187020       714.843000       142.879700       696.154400        24.564720        59.987420         0.024245
1643124156.0000    264777.000000      -106.868900    263488.200000       132.855500    263037.500000        12.914500       702.463900      -100.468000       713.771600       138.681500       695.989700        20.326060        59.989220         0.023472
1643124157.0000    264815.900000      -110.763200    263474.800000       128.968600    263080.100000         9.033838       704.079900      -104.319400       715.140300       134.798800       696.802400        16.486460        59.990510         0.041277
1643124158.0000    264802.200000      -114.183900    263461.300000       125.539300    263033.200000         5.608762       702.552200      -107.770900       714.408300       131.344600       695.840800        13.021490        59.993580        -0.079235
1643124159.0000    264787.300000      -116.558400    263522.800000       123.158400    263031.900000         3.216112       703.251300      -110.124700       715.428300       129.025200       696.894800        10.685740        59.994300        -0.005386
1643124160.0000    264820.100000      -118.355800    263510.400000       121.363300    263049.400000         1.429113       703.637500      -111.916700       715.342100       127.212000       696.812100         8.875997        59.996100        -0.001648
1643124161.0000    264725.800000      -119.267300    263404.400000       120.465300    263002.000000         0.525503       705.029100      -112.866300       716.244800       126.269200       697.885200         7.972304        59.998280         0.020557
1643124162.0000    264667.700000      -119.817200    263415.700000       119.913200    262970.800000        -0.038377       703.965200      -113.458900       715.158400       125.669200       698.054600         7.362975        59.998300        -0.036859
1643124163.0000    264612.600000      -119.877800    263329.500000       119.844800    262862.700000        -0.097317       705.437800      -113.572400       717.182300       125.617800       699.269300         7.257858        60.000500        -0.000574
1643124164.0000    264745.200000      -119.913300    263400.400000       119.799400    262930.100000        -0.125764       704.094400      -113.501700       716.467600       125.610200       697.521200         7.260006        60.000380         0.001313
1643124165.0000    264739.600000      -119.913700    263447.200000       119.798200    262949.700000        -0.136711       703.686000      -113.458900       716.367100       125.680400       697.918300         7.319799        59.999890        -0.028492
1643124166.0000    264695.600000      -120.296900    263406.600000       119.432800    262976.700000        -0.511260       704.701400      -113.830800       715.988000       125.279400       697.917900         6.984594        59.998520         0.028954
1643124167.0000    264706.100000      -121.265000    263416.500000       118.454600    262945.900000        -1.484542       704.499300      -114.846800       716.246300       124.297800       697.863300         5.963764        59.998180        -0.015667
1643124168.0000    264759.600000      -122.468500    263479.000000       117.246600    262991.200000        -2.692456       703.685100      -115.998200       715.893300       123.179500       697.865100         4.795485        59.997090        -0.036418
1643124169.0000    264689.600000      -124.388100    263428.000000       115.336700    262967.200000        -4.610400       704.312100      -117.947900       716.231600       121.212600       698.025000         2.880501        59.993400        -0.025770
1643124170.0000    264647.800000      -126.963700    263353.700000       112.764800    262922.500000        -7.177899       704.079600      -120.544000       715.521700       118.607500       697.469400         0.278667        59.991410        -0.007937
1643124171.0000    264662.200000      -130.146500    263349.900000       109.572000    262883.800000       -10.362380       704.799100      -123.715500       716.374700       115.387800       698.243800        -2.948562        59.990170         0.004204
1643124172.0000    264740.300000      -134.070700    263408.800000       105.642500    262931.200000       -14.285510       704.158200      -127.615600       716.398700       111.465800       697.757900        -6.869101        59.989050         0.009571
1643124173.0000    264608.900000      -138.828200    263351.100000       100.902900    262907.600000       -19.048760       705.533300      -132.439100       716.996600       106.704700       699.159100       -11.610670        59.985680        -0.021086
1643124174.0000    264653.600000      -144.718800    263332.500000        95.004460    262886.100000       -24.930900       705.957000      -138.313100       717.615700       100.806600       699.214000       -17.526400        59.982430        -0.004128
1643124175.0000    264654.000000      -151.337800    263371.000000        88.392980    262938.300000       -31.553010       705.248600      -144.964000       716.098000        94.221940       698.489200       -24.131520        59.981070         0.012879
1643124176.0000    264544.400000      -158.845400    263313.400000        80.893520    262887.200000       -39.065670       704.061800      -152.554800       714.814100        86.626970       697.593100       -31.657340        59.978760        -0.084776
1643124177.0000    264720.300000      -166.623800    263382.800000        73.105490    262972.500000       -46.828940       704.059900      -160.225500       715.631800        78.858220       697.591200       -39.420310        59.979180        -0.051192
1643124178.0000    264731.400000      -174.609000    263383.200000        65.123120    262988.000000       -54.810000       704.664800      -168.196300       715.884600        70.888370       697.504300       -47.400160        59.978220         0.042643
1643124179.0000    264661.900000       176.646500    263403.100000        56.370850    262931.700000       -63.576360       705.542800      -176.981500       717.394700        62.205650       699.594100       -56.149150        59.975900         0.005175
