Terminal: LT 440  BAGUACU - ILHA SOLTEIRA C2
Tensão base: 440 kV
SOC inicial: 1643124120
SOC final: 1643124179
Taxa: 1 fasores/s
Total de frames faltantes: - 

Tempo_(SOC)           VA_mod_(V)     VA_ang_(graus)     VB_mod_(V)     VB_ang_(graus)     VC_mod_(V)     VC_ang_(graus)     IA_mod_(A)     IA_ang_(graus)     IB_mod_(A)     IB_ang_(graus)     IC_mod_(A)     IC_ang_(graus)     Frequência        Delta_Freq     Faltante
1643124120.0000    264607.600000       -90.805710    263216.200000       148.907600    263385.700000        28.963910       660.855000        95.296710       664.208200       -26.256090       675.115800      -145.379500        59.974160         0.001781
1643124121.0000    264544.700000       -99.896040    263227.400000       139.822100    263377.600000        19.861780       661.063100        86.198560       663.515100       -35.346170       675.113500      -154.457800        59.974660        -0.042575
1643124122.0000    264595.400000      -109.352800    263170.300000       130.366300    263377.600000        10.426200       661.122600        76.728680       664.131200       -44.824670       675.314900      -163.948900        59.973050        -0.036347
1643124123.0000    264638.100000      -119.352900    263319.800000       120.350200    263412.700000         0.397635       659.601600        66.777200       663.331700       -54.747080       674.869400      -173.876900        59.972690        -0.013504
1643124124.0000    264663.800000      -129.554100    263307.500000       110.158500    263455.700000        -9.791462       660.331600        56.605000       663.239600       -64.943450       674.628300       175.916500        59.971670         0.029134
1643124125.0000    264621.600000      -140.257400    263240.300000        99.443480    263356.000000       -20.495700       659.763400        45.896170       663.347400       -75.704230       674.307800       165.172700        59.969870        -0.014871
1643124126.0000    264564.000000      -151.455700    263241.000000        88.246360    263328.500000       -31.704410       660.827800        34.654640       664.233100       -86.873530       675.330900       153.981000        59.968130         0.010097
1643124127.0000    264659.600000      -163.048600    263266.900000        76.655750    263404.600000       -43.282370       659.484700        23.104530       662.907400       -98.480220       674.086200       142.405500        59.967780         0.025319
1643124128.0000    264645.700000      -174.304400    263223.100000        65.422400    263463.400000       -54.521200       659.709100        11.834380       662.168600      -109.742900       673.425300       131.170600        59.968900        -0.004817
1643124129.0000    264689.000000       174.250100    263322.800000        53.951060    263428.600000       -65.990610       660.074900         0.444763       663.366500      -121.130300       674.105100       119.709800        59.968550         0.086241
1643124130.0000    264667.600000       162.857000    263370.000000        42.572640    263502.600000       -77.389110       659.010400       -10.976900       662.067100      -132.524300       673.394500       108.327500        59.969520        -0.040139
1643124131.0000    264410.400000       151.291700    263138.000000        30.998430    263214.500000       -88.963970       659.818500       -22.677640       663.539700      -144.161500       675.056100        96.666500        59.964750        -0.076810
1643124132.0000    264478.700000       138.981000    263190.400000        18.685480    263264.700000      -101.272400       660.300300       -34.981630       663.838100      -156.475500       675.427200        84.339360        59.964540         0.025065
1643124133.0000    264634.500000       126.051300    263280.800000         5.747353    263358.300000      -114.194000       659.639100       -47.844730       663.117200      -169.393300       673.870500        71.429010        59.963850        -0.016715
1643124134.0000    264517.100000       112.506300    263187.400000        -7.801025    263238.800000      -127.746400       660.553600       -61.371090       664.200700       177.063100       675.122100        57.908710        59.961150         0.020246
1643124135.0000    264664.000000        98.191990    263252.800000       -22.109550    263369.100000      -142.041100       659.687200       -75.642520       663.569900       162.740700       673.756600        43.600100        59.959600         0.021750
1643124136.0000    264559.400000        83.738840    263196.500000       -36.558840    263304.800000      -156.501700       660.059900       -90.181680       663.418500       148.264500       674.749300        29.099520        59.959940        -0.036944
1643124137.0000    264592.500000        69.679560    263220.500000       -50.615200    263342.800000      -170.557900       660.451000      -104.214400       663.701300       134.232400       674.883700        15.070590        59.961840        -0.010529
1643124138.0000    264615.200000        56.265010    263276.900000       -64.028930    263386.900000       176.021400       661.055800      -117.650300       664.469700       120.814700       675.790300         1.641494        59.963410         0.002104
1643124139.0000    264697.700000        43.505500    263289.200000       -76.791250    263417.600000       163.274000       660.999200      -130.323800       664.684800       108.076500       674.822900       -11.066830        59.965830         0.037773
1643124140.0000    264619.800000        30.920420    263248.100000       -89.367290    263396.800000       150.686700       661.217200      -142.964600       664.062100        95.466670       675.307700       -23.665020        59.966560         0.029376
1643124141.0000    264656.700000        18.918490    263208.700000      -101.390800    263308.600000       138.687700       660.708400      -154.941800       664.844600        83.478870       675.228100       -35.680000        59.968030         0.000546
1643124142.0000    264622.400000         7.151570    263216.300000      -113.143000    263356.800000       126.919800       661.830700      -166.701300       665.366900        71.719390       676.182800       -47.421780        59.967930         0.027843
1643124143.0000    264657.400000        -4.017242    263274.000000      -124.313300    263396.100000       115.746600       660.864900      -177.907200       664.468300        60.562610       675.355600       -58.598370        59.969170        -0.021029
1643124144.0000    264691.300000       -14.523200    263217.900000      -134.826400    263356.400000       105.253800       661.702600       171.669600       664.960200        50.018680       675.440000       -69.083930        59.972220         0.040282
1643124145.0000    264593.000000       -24.628740    263155.400000      -144.919800    263321.600000        95.147470       662.451500       161.500300       665.896100        39.877630       676.559800       -79.233800        59.972840         0.041206
1643124146.0000    264586.300000       -34.325620    263063.200000      -154.597800    263345.500000        85.476810       662.349200       151.799300       664.780600        30.153540       675.355400       -88.919050        59.974530         0.105481
1643124147.0000    264631.700000       -43.854020    263224.500000      -164.155400    263338.000000        75.911900       660.907800       142.294500       664.636200        20.715400       675.807200       -98.436130        59.974040        -0.037167
1643124148.0000    264589.700000       -53.294810    263121.600000      -173.591900    263282.600000        66.484500       661.171400       132.802800       664.749400        11.201400       675.044600      -107.903900        59.974860        -0.066715
1643124149.0000    264589.500000       -62.320370    263174.600000       177.381000    263303.200000        57.448150       661.421800       123.805000       665.132800         2.215046       675.647400      -116.955800        59.976090        -0.051149
1643124150.0000    264713.000000       -70.824690    263267.700000       168.875500    263408.400000        48.948800       660.855600       115.368800       664.685000        -6.277774       674.862100      -125.377500        59.977920         0.011799
1643124151.0000    264715.500000       -78.335140    263299.000000       161.364300    263420.900000        41.431860       660.764000       107.812600       664.762700       -13.763310       675.647600      -132.878900        59.980850         0.000228
1643124152.0000    264648.500000       -85.326390    263269.200000       154.375700    263383.900000        34.435440       661.447200       100.843200       664.468800       -20.746310       675.268100      -139.895600        59.981240        -0.016471
1643124153.0000    264529.600000       -91.725040    263249.600000       147.978200    263314.800000        28.018510       661.416400        94.350690       664.932300       -27.182450       676.701000      -146.316300        59.982380        -0.009472
1643124154.0000    264641.000000       -97.649060    263243.300000       142.045500    263335.700000        22.112910       659.981200        88.483960       663.882100       -33.118840       674.801600      -152.265800        59.984740        -0.064097
1643124155.0000    264670.500000      -102.718500    263263.900000       136.989800    263417.000000        17.052360       660.056800        83.399540       663.698200       -38.205890       674.323700      -157.312400        59.987310         0.024224
1643124156.0000    264628.400000      -106.942200    263279.300000       132.765500    263401.700000        12.816950       659.196200        79.163420       662.751000       -42.373670       674.303400      -161.553500        59.989090         0.021912
1643124157.0000    264667.200000      -110.835800    263266.700000       128.879300    263443.900000         8.937152       660.844100        75.305540       663.718400       -46.287590       674.750700      -165.367300        59.990370         0.042314
1643124158.0000    264654.600000      -114.257500    263254.600000       125.448600    263396.700000         5.510791       659.770000        71.863000       663.229000       -49.733230       674.128900      -168.841100        59.993510        -0.077303
1643124159.0000    264638.800000      -116.631400    263316.600000       123.068500    263396.000000         3.118618       660.210400        69.505860       664.089400       -52.041020       675.079500      -171.212700        59.994180        -0.004904
1643124160.0000    264671.900000      -118.427200    263303.300000       121.275100    263413.300000         1.333111       660.216400        67.692860       663.925800       -53.850280       674.886400      -172.989700        59.996090        -0.003669
1643124161.0000    264577.200000      -119.340100    263196.500000       120.376000    263366.700000         0.428576       661.441100        66.755570       664.611300       -54.789070       675.891600      -173.900500        59.998130         0.021123
1643124162.0000    264520.300000      -119.891300    263207.800000       119.822500    263334.400000        -0.136672       661.014100        66.182010       664.122100       -55.361980       675.402800      -174.478400        59.998270        -0.040268
1643124163.0000    264463.500000      -119.950600    263122.600000       119.755400    263226.700000        -0.194210       661.661200        66.099180       665.742400       -55.428290       677.054600      -174.563400        60.000400         0.001913
1643124164.0000    264597.100000      -119.987100    263192.900000       119.708800    263294.000000        -0.223943       660.960600        66.122630       664.974200       -55.441690       675.469800      -174.578900        60.000270         0.000616
1643124165.0000    264591.200000      -119.986700    263239.600000       119.708400    263313.100000        -0.234011       661.000500        66.148880       664.605100       -55.373520       675.408700      -174.557000        59.999730        -0.028295
1643124166.0000    264547.000000      -120.369200    263199.700000       119.343700    263340.800000        -0.607868       660.755600        65.771640       664.389000       -55.816050       675.551500      -174.918500        59.998350         0.029441
1643124167.0000    264557.100000      -121.337500    263208.800000       118.365000    263309.900000        -1.581387       661.189400        64.813300       664.572300       -56.729150       676.207000      -175.884100        59.998040        -0.014381
1643124168.0000    264610.400000      -122.541800    263271.200000       117.157100    263355.300000        -2.789840       660.647600        63.603470       664.345400       -57.886270       675.416100      -177.060600        59.996990        -0.032590
1643124169.0000    264540.300000      -124.460000    263220.400000       115.248300    263331.000000        -4.706215       661.073300        61.695470       664.290200       -59.850350       675.713600      -179.002800        59.993310        -0.025926
1643124170.0000    264499.500000      -127.037300    263146.000000       112.674600    263286.600000        -7.275412       660.619000        59.075120       663.850500       -62.509750       675.291700       178.389800        59.991320        -0.011526
1643124171.0000    264514.500000      -130.220000    263141.600000       109.481900    263247.200000       -10.459950       661.476300        55.891250       664.836000       -65.696010       675.952100       175.184300        59.990020         0.002220
1643124172.0000    264591.500000      -134.143400    263201.200000       105.553000    263295.000000       -14.382460       661.348600        51.985210       665.065400       -69.579570       675.956100       171.271800        59.988960         0.010595
1643124173.0000    264459.900000      -138.900700    263143.600000       100.813600    263271.100000       -19.145340       661.888700        47.197600       665.204400       -74.342970       676.623400       166.537300        59.985640        -0.022490
1643124174.0000    264504.900000      -144.791100    263124.800000        94.915280    263249.800000       -25.027400       662.843400        41.312390       665.859000       -80.220400       677.352300       160.654400        59.982310        -0.003850
1643124175.0000    264505.200000      -151.410200    263163.400000        88.303880    263302.100000       -31.649570       662.186300        34.717820       665.121300       -86.829010       676.244000       154.051900        59.980980         0.014050
1643124176.0000    264395.800000      -158.918900    263105.900000        80.803280    263251.100000       -39.163360       661.032800        27.130100       663.387100       -94.429380       675.684600       146.468700        59.978660        -0.086958
1643124177.0000    264571.800000      -166.697000    263174.000000        73.015290    263336.000000       -46.926480       661.219900        19.427460       664.831600      -102.172800       675.542400       138.711600        59.979030        -0.049791
1643124178.0000    264582.400000      -174.681700    263175.200000        65.033940    263352.100000       -54.906620       661.656900        11.436620       664.770400      -110.142700       675.667800       130.739900        59.978060         0.044790
1643124179.0000    264513.400000       176.573400    263194.800000        56.281210    263295.300000       -63.673410       662.572100         2.647088       665.876400      -118.871700       677.768400       121.996200        59.975750         0.006065
