Terminal: LT 440  CABREUVA - BOM JARDIM C1
Tensão base: 440 kV
SOC inicial: 1643124120
SOC final: 1643124179
Taxa: 1 fasores/s
Total de frames faltantes: - 

Tempo_(SOC)           VA_mod_(V)     VA_ang_(graus)     VB_mod_(V)     VB_ang_(graus)     VC_mod_(V)     VC_ang_(graus)     IA_mod_(A)     IA_ang_(graus)     IB_mod_(A)     IB_ang_(graus)     IC_mod_(A)     IC_ang_(graus)     Frequência        Delta_Freq     Faltante
1643124120.0000   2529284.000000      -118.208800   2529543.000000       121.581000   2520851.000000         1.435033      1498.054000        68.734200      1578.991000       -52.397430      1545.568000      -174.602900        59.974560        -0.005951          *
1643124121.0000   2528350.000000      -120.355300   2527965.000000       119.461000   2520446.000000        -0.685599      1503.663000        66.409260      1582.658000       -54.921010      1545.311000      -176.949800        59.973960        -0.067978
1643124122.0000   2530357.000000      -129.817400   2528428.000000       109.971700   2520612.000000       -10.129360      1500.399000        57.070940      1581.140000       -64.014740      1548.996000       173.765100        59.971800        -0.084000
1643124123.0000   2531576.000000      -139.751300   2533061.000000       100.011400   2522625.000000       -20.141230      1492.453000        47.119050      1578.935000       -73.837610      1547.040000       163.694500        59.973800         0.048523
1643124124.0000   2531220.000000      -149.975700   2531375.000000        89.813520   2522627.000000       -30.326860      1495.886000        36.698780      1578.042000       -84.323520      1546.727000       153.389400        59.973190         0.044174
1643124125.0000   2530828.000000      -160.660900   2530856.000000        79.088890   2520662.000000       -41.032120      1494.341000        25.938610      1581.125000       -95.059620      1548.222000       142.487400        59.970800         0.123596
1643124126.0000   2529183.000000      -171.892500   2529930.000000        67.881260   2520301.000000       -52.267710      1497.357000        15.048130      1580.312000      -106.139700      1545.033000       131.626600        59.967440        -0.038223
1643124127.0000   2532743.000000       176.564500   2531629.000000        56.316240   2522183.000000       -63.782620      1495.014000         3.600813      1577.120000      -117.588900      1541.992000       120.193000        59.967850         0.000916
1643124128.0000   2532985.000000       165.282200   2530147.000000        45.089050   2523517.000000       -75.000790      1488.974000        -7.606548      1566.834000      -128.786600      1533.655000       109.110600        59.967010        -0.211716
1643124129.0000   2531694.000000       153.852900   2530876.000000        33.593340   2520770.000000       -86.502220      1493.007000       -19.144290      1582.413000      -140.492300      1540.252000        97.113670        59.975060         0.357056
1643124130.0000   2531705.000000       142.472200   2532039.000000        22.269680   2523368.000000       -97.880170      1487.379000       -30.507830      1572.944000      -151.677800      1536.615000        85.970700        59.975060         0.181961
1643124131.0000   2523187.000000       130.813700   2525426.000000        10.595900   2515470.000000      -109.578800      1488.658000       -43.054700      1571.109000      -163.881300      1544.716000        73.704250        59.958390        -0.335770
1643124132.0000   2522247.000000       118.500000   2525145.000000        -1.705618   2515389.000000      -121.903700      1494.368000       -55.671180      1570.359000      -176.325400      1550.978000        61.407220        59.963630         0.037537
1643124133.0000   2529579.000000       105.658400   2529721.000000       -14.629790   2517977.000000      -134.729700      1483.228000       -67.374580      1578.873000       171.302700      1534.277000        48.688370        59.962700        -0.077591
1643124134.0000   2527259.000000        92.068080   2528606.000000       -28.213960   2516642.000000      -148.341300      1483.216000       -81.042560      1573.668000       157.680700      1532.935000        35.206030        59.959710         0.075989
1643124135.0000   2532153.000000        77.818440   2530965.000000       -42.480810   2519675.000000      -162.550800      1481.313000       -94.894410      1576.148000       143.711400      1530.154000        21.129210        59.960760         0.017166
1643124136.0000   2528493.000000        63.326770   2528381.000000       -56.933270   2517827.000000      -177.041300      1492.553000      -110.037100      1571.291000       128.753500      1537.374000         6.642035        59.960330        -0.102768
1643124137.0000   2528856.000000        49.264140   2528741.000000       -70.992520   2518292.000000       168.897000      1486.016000      -123.660300      1572.954000       115.000700      1532.315000        -7.348463        59.960330        -0.041199
1643124138.0000   2529954.000000        35.843120   2530695.000000       -84.397790   2520593.000000       155.465700      1486.238000      -137.188200      1567.514000       101.708700      1535.052000       -20.556970        59.963780        -0.080109
1643124139.0000   2532335.000000        23.113310   2531150.000000       -97.164410   2520488.000000       142.755800      1477.073000      -149.174600      1567.923000        89.305450      1520.954000       -33.107260        59.969220         0.078506
1643124140.0000   2529026.000000        10.485380   2528981.000000      -109.741300   2519732.000000       130.130900      1487.017000      -162.432200      1570.385000        76.326540      1533.525000       -45.942600        59.970360         0.136414
1643124141.0000   2531589.000000        -1.479253   2530665.000000      -121.791700   2518633.000000       118.141900      1478.125000      -173.947500      1569.506000        64.666850      1525.661000       -57.808900        59.966440         0.119934
1643124142.0000   2531616.000000       -13.271720   2530511.000000      -133.531400   2520596.000000       106.378500      1479.893000       174.217500      1569.613000        52.890780      1527.857000       -69.549020        59.968180         0.026779
1643124143.0000   2532415.000000       -24.425490   2531504.000000      -144.680300   2521558.000000        95.225350      1479.203000       163.080700      1568.267000        41.715100      1525.492000       -80.674500        59.969050        -0.087662
1643124144.0000   2532752.000000       -34.926920   2530448.000000      -155.232000   2519386.000000        84.728820      1478.561000       152.559900      1570.516000        31.129280      1525.407000       -91.351160        59.969610        -0.027695
1643124145.0000   2530044.000000       -42.939210   2528152.000000      -163.233100   2517410.000000        76.707240      1483.351000       144.213200      1573.770000        22.932140      1532.626000       -99.545730        59.970780         0.070038          *
1643124146.0000   2530044.000000       -42.939210   2528152.000000      -163.233100   2517410.000000        76.707240      1483.351000       144.213200      1573.770000        22.932140      1532.626000       -99.545730        59.970780         0.070038          *
1643124147.0000   2530044.000000       -42.939210   2528152.000000      -163.233100   2517410.000000        76.707240      1483.351000       144.213200      1573.770000        22.932140      1532.626000       -99.545730        59.970780         0.070038          *
1643124148.0000   2530044.000000       -42.939210   2528152.000000      -163.233100   2517410.000000        76.707240      1483.351000       144.213200      1573.770000        22.932140      1532.626000       -99.545730        59.970780         0.070038          *
1643124149.0000   2530044.000000       -42.939210   2528152.000000      -163.233100   2517410.000000        76.707240      1483.351000       144.213200      1573.770000        22.932140      1532.626000       -99.545730        59.970780         0.070038          *
1643124150.0000   2530044.000000       -42.939210   2528152.000000      -163.233100   2517410.000000        76.707240      1483.351000       144.213200      1573.770000        22.932140      1532.626000       -99.545730        59.970780         0.070038          *
1643124151.0000   2530044.000000       -42.939210   2528152.000000      -163.233100   2517410.000000        76.707240      1483.351000       144.213200      1573.770000        22.932140      1532.626000       -99.545730        59.970780         0.070038          *
1643124152.0000   2530044.000000       -42.939210   2528152.000000      -163.233100   2517410.000000        76.707240      1483.351000       144.213200      1573.770000        22.932140      1532.626000       -99.545730        59.970780         0.070038          *
1643124153.0000   2530044.000000       -42.939210   2528152.000000      -163.233100   2517410.000000        76.707240      1483.351000       144.213200      1573.770000        22.932140      1532.626000       -99.545730        59.970780         0.070038          *
1643124154.0000   2530044.000000       -42.939210   2528152.000000      -163.233100   2517410.000000        76.707240      1483.351000       144.213200      1573.770000        22.932140      1532.626000       -99.545730        59.970780         0.070038          *
1643124155.0000   2530044.000000       -42.939210   2528152.000000      -163.233100   2517410.000000        76.707240      1483.351000       144.213200      1573.770000        22.932140      1532.626000       -99.545730        59.970780         0.070038          *
1643124156.0000   2530044.000000       -42.939210   2528152.000000      -163.233100   2517410.000000        76.707240      1483.351000       144.213200      1573.770000        22.932140      1532.626000       -99.545730        59.970780         0.070038          *
1643124157.0000   2530044.000000       -42.939210   2528152.000000      -163.233100   2517410.000000        76.707240      1483.351000       144.213200      1573.770000        22.932140      1532.626000       -99.545730        59.970780         0.070038          *
1643124158.0000   2530044.000000       -42.939210   2528152.000000      -163.233100   2517410.000000        76.707240      1483.351000       144.213200      1573.770000        22.932140      1532.626000       -99.545730        59.970780         0.070038          *
1643124159.0000   2530044.000000       -42.939210   2528152.000000      -163.233100   2517410.000000        76.707240      1483.351000       144.213200      1573.770000        22.932140      1532.626000       -99.545730        59.970780         0.070038          *
1643124160.0000   2530044.000000       -42.939210   2528152.000000      -163.233100   2517410.000000        76.707240      1483.351000       144.213200      1573.770000        22.932140      1532.626000       -99.545730        59.970780         0.070038          *
1643124161.0000   2530044.000000       -42.939210   2528152.000000      -163.233100   2517410.000000        76.707240      1483.351000       144.213200      1573.770000        22.932140      1532.626000       -99.545730        59.970780         0.070038          *
1643124162.0000   2530044.000000       -42.939210   2528152.000000      -163.233100   2517410.000000        76.707240      1483.351000       144.213200      1573.770000        22.932140      1532.626000       -99.545730        59.970780         0.070038          *
1643124163.0000   2530044.000000       -42.939210   2528152.000000      -163.233100   2517410.000000        76.707240      1483.351000       144.213200      1573.770000        22.932140      1532.626000       -99.545730        59.970780         0.070038          *
1643124164.0000   2530044.000000       -42.939210   2528152.000000      -163.233100   2517410.000000        76.707240      1483.351000       144.213200      1573.770000        22.932140      1532.626000       -99.545730        59.970780         0.070038          *
1643124165.0000   2530044.000000       -42.939210   2528152.000000      -163.233100   2517410.000000        76.707240      1483.351000       144.213200      1573.770000        22.932140      1532.626000       -99.545730        59.970780         0.070038          *
1643124166.0000   2530044.000000       -42.939210   2528152.000000      -163.233100   2517410.000000        76.707240      1483.351000       144.213200      1573.770000        22.932140      1532.626000       -99.545730        59.970780         0.070038          *
1643124167.0000   2530044.000000       -42.939210   2528152.000000      -163.233100   2517410.000000        76.707240      1483.351000       144.213200      1573.770000        22.932140      1532.626000       -99.545730        59.970780         0.070038          *
1643124168.0000   2530044.000000       -42.939210   2528152.000000      -163.233100   2517410.000000        76.707240      1483.351000       144.213200      1573.770000        22.932140      1532.626000       -99.545730        59.970780         0.070038          *
1643124169.0000   2530044.000000       -42.939210   2528152.000000      -163.233100   2517410.000000        76.707240      1483.351000       144.213200      1573.770000        22.932140      1532.626000       -99.545730        59.970780         0.070038          *
1643124170.0000   2530044.000000       -42.939210   2528152.000000      -163.233100   2517410.000000        76.707240      1483.351000       144.213200      1573.770000        22.932140      1532.626000       -99.545730        59.970780         0.070038          *
1643124171.0000   2529411.000000      -150.675500   2528811.000000        89.080180   2519133.000000       -31.028580      1487.996000        36.697440      1568.449000       -84.703710      1529.111000       153.191600        59.989260         0.043488
1643124172.0000   2531681.000000      -154.584000   2531109.000000        85.158290   2520816.000000       -34.944550      1488.241000        32.926610      1568.422000       -88.389690      1531.102000       149.473800        59.987650         0.049896
1643124173.0000   2527929.000000      -159.407200   2528243.000000        80.405790   2520215.000000       -39.748300      1493.794000        27.837810      1567.872000       -93.592000      1530.946000       144.535500        59.984780        -0.005722
1643124174.0000   2529330.000000      -165.297300   2528862.000000        74.479860   2519725.000000       -45.644290      1493.233000        22.112040      1573.770000       -99.181730      1536.583000       138.685300        59.984120         0.188370
1643124175.0000   2529421.000000      -171.900200   2528603.000000        67.887920   2520290.000000       -52.234140      1495.256000        15.550980      1572.625000      -105.955100      1532.212000       132.109000        59.983110        -0.021286
1643124176.0000   2524258.000000      -179.416900   2525240.000000        60.432860   2518277.000000       -59.753910      1501.464000         7.072308      1565.550000      -113.885200      1544.947000       124.381100        59.975260        -0.264359
1643124177.0000   2530708.000000       172.839800   2528862.000000        52.628990   2521021.000000       -67.473880      1496.411000         0.027619      1569.292000      -121.409900      1532.751000       116.776200        59.973910         0.017624
1643124178.0000   2530689.000000       164.857600   2528448.000000        44.638480   2520454.000000       -75.451130      1491.719000        -7.503324      1571.874000      -128.888200      1533.378000       109.017100        59.982760         0.307159
1643124179.0000   2528317.000000       156.084200   2529805.000000        35.875420   2520287.000000       -84.285550      1494.783000       -16.728610      1571.901000      -137.764100      1542.779000       100.092600        59.974610        -0.011215
