Terminal: LT 440  CABREUVA - GERDAU SP C1
Tensão base: 440 kV
SOC inicial: 1643124120
SOC final: 1643124179
Taxa: 1 fasores/s
Total de frames faltantes: - 

Tempo_(SOC)           VA_mod_(V)     VA_ang_(graus)     VB_mod_(V)     VB_ang_(graus)     VC_mod_(V)     VC_ang_(graus)     IA_mod_(A)     IA_ang_(graus)     IB_mod_(A)     IB_ang_(graus)     IC_mod_(A)     IC_ang_(graus)     Frequência        Delta_Freq     Faltante
1643124120.0000    251920.700000      -118.561600    252900.500000       121.455500    251603.100000         1.248210       972.909900      -112.942500      1004.404000       128.542800      1012.362000         6.219495        59.974170        -0.010300          *
1643124121.0000    251822.100000      -120.707900    252721.400000       119.333500    251566.700000        -0.868349       982.639000      -115.562500      1007.516000       125.355500      1010.290000         3.631811        59.973690        -0.073242
1643124122.0000    252009.800000      -130.168200    252778.400000       109.843700    251560.000000       -10.312870       974.694100      -124.353800      1009.242000       116.842600      1011.776000        -5.481760        59.971820        -0.077362
1643124123.0000    252122.500000      -140.100800    253237.000000        99.887570    251767.300000       -20.327810       962.686200      -134.309800      1005.511000       107.784700      1017.255000       -15.379590        59.973580         0.034561
1643124124.0000    252084.600000      -150.325600    253075.700000        89.687690    251771.000000       -30.510370       971.751500      -144.881600      1005.469000        96.806770      1015.447000       -25.729480        59.973190         0.059738
1643124125.0000    252055.000000      -161.006600    253007.100000        78.961140    251550.000000       -41.217390       966.749500      -155.765700      1011.880000        85.973110      1017.248000       -37.120140        59.971240         0.163422
1643124126.0000    251904.200000      -172.242400    252932.100000        67.754360    251530.900000       -52.451670       967.777000      -166.522800      1004.289000        74.989260      1010.323000       -47.586200        59.966770        -0.054474
1643124127.0000    252283.500000       176.214100    253105.700000        56.193540    251739.100000       -63.965700       958.260400      -177.094500       999.264100        64.062320       997.879600       -58.631230        59.967930        -0.003662
1643124128.0000    252324.900000       164.930900    252954.500000        44.964340    251884.300000       -75.184540       960.967100       171.828400       988.805700        52.642330       988.105900       -69.216020        59.967390        -0.184250
1643124129.0000    252180.800000       153.506900    253018.600000        33.470230    251577.800000       -86.685490       962.293500       159.635700      1012.247000        40.545990      1002.883000       -82.431400        59.975570         0.361404
1643124130.0000    252139.900000       142.124400    253148.500000        22.144110    251845.100000       -98.064680       965.645100       147.966500      1003.770000        29.369070      1007.711000       -93.258240        59.975250         0.198898
1643124131.0000    251270.500000       130.467200    252442.500000        10.470580    251018.600000      -109.766500       975.224900       133.247700      1009.611000        15.790170      1032.321000      -107.175500        59.958500        -0.326614
1643124132.0000    251146.300000       118.153000    252422.700000        -1.831452    250999.500000      -122.091500       980.889200       120.106200      1002.080000         3.003621      1036.425000      -119.504200        59.963490         0.035934
1643124133.0000    251940.200000       105.316400    252901.300000       -14.757480    251304.800000      -134.912000       954.468100       110.756600      1016.279000        -7.989693      1006.780000      -131.702000        59.962890        -0.057678
1643124134.0000    251722.700000        91.723020    252802.600000       -28.338130    251158.300000      -148.525500       957.898900        96.814920      1013.171000       -21.560820      1012.461000      -145.116000        59.959820         0.089951
1643124135.0000    252234.200000        77.475660    253044.900000       -42.606020    251470.000000      -162.732300       949.885700        84.323520      1014.538000       -34.891580       997.191500      -158.558000        59.960590         0.004349
1643124136.0000    251829.100000        62.981660    252761.300000       -57.057930    251294.200000      -177.225300       970.333000        67.744420      1008.773000       -50.928070      1011.423000      -173.505200        59.959760        -0.130692
1643124137.0000    251875.500000        48.918990    252802.400000       -71.115740    251348.400000       168.715800       959.736000        54.538490      1008.185000       -64.331890      1003.186000       172.687600        59.960740        -0.032959
1643124138.0000    251977.800000        35.492400    253013.900000       -84.520980    251565.400000       155.279300       962.922500        41.034430      1001.521000       -77.189510      1010.691000       159.995300        59.963500        -0.102310
1643124139.0000    252255.500000        22.768390    253041.500000       -97.288290    251572.600000       142.574800       942.493900        30.350200       999.865100       -89.042500       982.538900       147.714200        59.969290         0.070038
1643124140.0000    251892.700000        10.137290    252829.800000      -109.867000    251472.100000       129.946500       964.796100        15.893610      1002.104000      -102.854500      1003.879000       134.625800        59.969820         0.125656
1643124141.0000    252189.100000        -1.825099    253006.700000      -121.914400    251374.500000       117.961200       947.257400         5.231095      1010.121000      -113.839000       995.170700       122.525100        59.966710         0.116959
1643124142.0000    252177.600000       -13.617300    253003.400000      -133.655400    251576.200000       106.195700       952.637400        -6.620820      1005.277000      -125.667300       995.657400       111.176500        59.967850         0.014648
1643124143.0000    252264.700000       -24.771900    253081.800000      -144.804500    251675.300000        95.042440       953.111900       -17.587670      1005.134000      -136.766200       993.988800       100.174300        59.969020        -0.084000
1643124144.0000    252292.500000       -35.270170    252989.900000      -155.358600    251455.800000        84.546130       949.499600       -28.093170      1012.753000      -147.530500       992.026800        88.975620        59.969540        -0.036163
1643124145.0000    251990.000000       -43.287550    252727.600000      -163.359400    251233.300000        76.526810       959.767700       -37.331880      1018.802000      -156.379500      1006.431000        80.201960        59.970420         0.063858          *
1643124146.0000    251990.000000       -43.287550    252727.600000      -163.359400    251233.300000        76.526810       959.767700       -37.331880      1018.802000      -156.379500      1006.431000        80.201960        59.970420         0.063858          *
1643124147.0000    251990.000000       -43.287550    252727.600000      -163.359400    251233.300000        76.526810       959.767700       -37.331880      1018.802000      -156.379500      1006.431000        80.201960        59.970420         0.063858          *
1643124148.0000    251990.000000       -43.287550    252727.600000      -163.359400    251233.300000        76.526810       959.767700       -37.331880      1018.802000      -156.379500      1006.431000        80.201960        59.970420         0.063858          *
1643124149.0000    251990.000000       -43.287550    252727.600000      -163.359400    251233.300000        76.526810       959.767700       -37.331880      1018.802000      -156.379500      1006.431000        80.201960        59.970420         0.063858          *
1643124150.0000    251990.000000       -43.287550    252727.600000      -163.359400    251233.300000        76.526810       959.767700       -37.331880      1018.802000      -156.379500      1006.431000        80.201960        59.970420         0.063858          *
1643124151.0000    251990.000000       -43.287550    252727.600000      -163.359400    251233.300000        76.526810       959.767700       -37.331880      1018.802000      -156.379500      1006.431000        80.201960        59.970420         0.063858          *
1643124152.0000    251990.000000       -43.287550    252727.600000      -163.359400    251233.300000        76.526810       959.767700       -37.331880      1018.802000      -156.379500      1006.431000        80.201960        59.970420         0.063858          *
1643124153.0000    251990.000000       -43.287550    252727.600000      -163.359400    251233.300000        76.526810       959.767700       -37.331880      1018.802000      -156.379500      1006.431000        80.201960        59.970420         0.063858          *
1643124154.0000    251990.000000       -43.287550    252727.600000      -163.359400    251233.300000        76.526810       959.767700       -37.331880      1018.802000      -156.379500      1006.431000        80.201960        59.970420         0.063858          *
1643124155.0000    251990.000000       -43.287550    252727.600000      -163.359400    251233.300000        76.526810       959.767700       -37.331880      1018.802000      -156.379500      1006.431000        80.201960        59.970420         0.063858          *
1643124156.0000    251990.000000       -43.287550    252727.600000      -163.359400    251233.300000        76.526810       959.767700       -37.331880      1018.802000      -156.379500      1006.431000        80.201960        59.970420         0.063858          *
1643124157.0000    251990.000000       -43.287550    252727.600000      -163.359400    251233.300000        76.526810       959.767700       -37.331880      1018.802000      -156.379500      1006.431000        80.201960        59.970420         0.063858          *
1643124158.0000    251990.000000       -43.287550    252727.600000      -163.359400    251233.300000        76.526810       959.767700       -37.331880      1018.802000      -156.379500      1006.431000        80.201960        59.970420         0.063858          *
1643124159.0000    251990.000000       -43.287550    252727.600000      -163.359400    251233.300000        76.526810       959.767700       -37.331880      1018.802000      -156.379500      1006.431000        80.201960        59.970420         0.063858          *
1643124160.0000    251990.000000       -43.287550    252727.600000      -163.359400    251233.300000        76.526810       959.767700       -37.331880      1018.802000      -156.379500      1006.431000        80.201960        59.970420         0.063858          *
1643124161.0000    251990.000000       -43.287550    252727.600000      -163.359400    251233.300000        76.526810       959.767700       -37.331880      1018.802000      -156.379500      1006.431000        80.201960        59.970420         0.063858          *
1643124162.0000    251990.000000       -43.287550    252727.600000      -163.359400    251233.300000        76.526810       959.767700       -37.331880      1018.802000      -156.379500      1006.431000        80.201960        59.970420         0.063858          *
1643124163.0000    251990.000000       -43.287550    252727.600000      -163.359400    251233.300000        76.526810       959.767700       -37.331880      1018.802000      -156.379500      1006.431000        80.201960        59.970420         0.063858          *
1643124164.0000    251990.000000       -43.287550    252727.600000      -163.359400    251233.300000        76.526810       959.767700       -37.331880      1018.802000      -156.379500      1006.431000        80.201960        59.970420         0.063858          *
1643124165.0000    251990.000000       -43.287550    252727.600000      -163.359400    251233.300000        76.526810       959.767700       -37.331880      1018.802000      -156.379500      1006.431000        80.201960        59.970420         0.063858          *
1643124166.0000    251990.000000       -43.287550    252727.600000      -163.359400    251233.300000        76.526810       959.767700       -37.331880      1018.802000      -156.379500      1006.431000        80.201960        59.970420         0.063858          *
1643124167.0000    251990.000000       -43.287550    252727.600000      -163.359400    251233.300000        76.526810       959.767700       -37.331880      1018.802000      -156.379500      1006.431000        80.201960        59.970420         0.063858          *
1643124168.0000    251990.000000       -43.287550    252727.600000      -163.359400    251233.300000        76.526810       959.767700       -37.331880      1018.802000      -156.379500      1006.431000        80.201960        59.970420         0.063858          *
1643124169.0000    251990.000000       -43.287550    252727.600000      -163.359400    251233.300000        76.526810       959.767700       -37.331880      1018.802000      -156.379500      1006.431000        80.201960        59.970420         0.063858          *
1643124170.0000    251990.000000       -43.287550    252727.600000      -163.359400    251233.300000        76.526810       959.767700       -37.331880      1018.802000      -156.379500      1006.431000        80.201960        59.970420         0.063858          *
1643124171.0000    251929.000000      -151.023900    252795.400000        88.953710    251424.500000       -31.212540       965.477800      -145.217900      1003.847000        95.666170       999.438400       -26.750560        59.989040         0.046921
1643124172.0000    252175.300000      -154.933400    253062.900000        85.034600    251617.700000       -35.128510       961.395400      -148.375600      1002.752000        92.728870      1000.519000       -29.904630        59.987470         0.035477
1643124173.0000    251786.300000      -159.760400    252726.200000        80.279660    251556.200000       -39.933780       974.510000      -154.253500       995.246800        86.711650      1000.159000       -34.840770        59.984190        -0.024490
1643124174.0000    251926.300000      -165.646900    252814.600000        74.352360    251507.200000       -45.828290       963.247700      -159.288900       998.077500        81.866320       999.499500       -40.484830        59.984090         0.197525
1643124175.0000    251938.500000      -172.252000    252800.700000        67.765080    251556.300000       -52.418180       968.469200      -165.854600       996.712300        74.756700       993.204100       -47.008670        59.983280        -0.011215
1643124176.0000    251383.200000      -179.769000    252432.700000        60.308290    251330.600000       -59.940910       982.069900      -176.076700       984.993800        65.847340      1013.291000       -55.306560        59.975250        -0.246277
1643124177.0000    252055.200000       172.488100    252815.900000        52.507440    251623.300000       -67.655790       969.424300       178.645100       993.951100        59.260800       992.395200       -62.327220        59.973470        -0.003662
1643124178.0000    252098.600000       164.508300    252792.500000        44.514260    251583.600000       -75.634120       956.236900       171.763200       992.217400        52.366800       984.841700       -69.803600        59.982620         0.304642
1643124179.0000    251832.000000       155.733800    252885.200000        35.756580    251575.800000       -84.473020       955.790200       161.883500       984.247900        43.872850      1000.857000       -78.566760        59.975190        -0.001831
