Terminal: LT 440  CABREUVA - SALTO C1
Tensão base: 440 kV
SOC inicial: 1643124120
SOC final: 1643124179
Taxa: 1 fasores/s
Total de frames faltantes: - 

Tempo_(SOC)           VA_mod_(V)     VA_ang_(graus)     VB_mod_(V)     VB_ang_(graus)     VC_mod_(V)     VC_ang_(graus)     IA_mod_(A)     IA_ang_(graus)     IB_mod_(A)     IB_ang_(graus)     IC_mod_(A)     IC_ang_(graus)     Frequência        Delta_Freq     Faltante
1643124120.0000    241624.600000      -118.343100    241394.100000       121.656900    241086.200000         1.392872       397.945600        61.744460       393.668900       -59.385790       393.845600      -178.282300        59.974430        -0.006638          *
1643124121.0000    241546.700000      -120.487600    241242.100000       119.534300    241058.300000        -0.725377       398.595100        59.448010       393.200300       -61.840200       392.863500       179.546000        59.973560        -0.078964
1643124122.0000    241723.000000      -129.947100    241290.600000       110.045200    241072.600000       -10.171180       396.984600        50.366270       393.939000       -70.938310       392.259200       170.134400        59.971700        -0.070496
1643124123.0000    241851.400000      -139.882500    241720.100000       100.087700    241262.600000       -20.180670       396.023900        40.392220       392.768700       -80.437870       393.793500       160.373200        59.974280         0.071182
1643124124.0000    241816.900000      -150.108200    241567.300000        89.890570    241255.400000       -30.366620       397.088200        30.173980       393.048900       -90.936370       393.392100       150.107800        59.973400         0.056534
1643124125.0000    241783.600000      -160.789400    241514.800000        79.162760    241065.800000       -41.072380       396.769500        19.366500       394.652300      -101.673900       394.099700       139.062700        59.970920         0.144882
1643124126.0000    241619.100000      -172.024800    241435.200000        67.953350    241031.700000       -52.306570       397.212300         8.064966       393.804000      -112.995400       393.826200       127.968300        59.967590        -0.016251
1643124127.0000    241962.600000       176.432800    241591.900000        56.392260    241219.600000       -63.823680       394.817600        -3.006459       392.943800      -124.262900       390.941200       116.643700        59.967850        -0.007095
1643124128.0000    241990.500000       165.150900    241450.600000        45.163600    241350.700000       -75.040250       394.758300       -14.079630       390.397900      -135.607700       387.930100       105.730500        59.966940        -0.214920
1643124129.0000    241869.400000       153.723600    241523.600000        33.668480    241094.500000       -86.543480       394.400200       -25.825980       392.591700      -147.101200       390.775200        93.750950        59.975550         0.371018
1643124130.0000    241846.600000       142.339100    241625.800000        22.342270    241335.300000       -97.921160       393.847900       -37.215670       390.049500      -158.335200       390.020400        82.713130        59.974980         0.188599
1643124131.0000    241050.600000       130.682600    240999.300000        10.670250    240575.600000      -109.621500       397.381000       -49.999500       393.760000      -170.708600       395.825400        70.088460        59.958170        -0.339432
1643124132.0000    240939.400000       118.369800    240969.300000        -1.633421    240557.100000      -121.945700       398.675300       -62.577740       393.715900       176.741400       396.670300        57.699170        59.963500         0.047836
1643124133.0000    241662.700000       105.529200    241401.900000       -14.554540    240814.300000      -134.772600       396.294300       -74.516890       396.368500       164.460400       394.732600        44.985490        59.962520        -0.082626
1643124134.0000    241451.800000        91.935840    241303.700000       -28.137850    240691.300000      -148.383000       395.532300       -88.215070       395.236900       150.996100       394.762200        31.464570        59.959700         0.074158
1643124135.0000    241924.100000        77.689440    241529.700000       -42.406300    240972.000000      -162.591200       393.639200      -101.694800       394.252800       137.098300       391.322700        17.586550        59.960140        -0.012131
1643124136.0000    241551.000000        63.198180    241283.800000       -56.857790    240819.500000      -177.084100       396.045200      -116.827100       394.865100       122.059000       393.358900         2.861012        59.959890        -0.127029
1643124137.0000    241592.800000        49.131500    241310.400000       -70.919450    240865.900000       168.856800       396.583900      -130.902800       395.032700       108.016500       394.212700       -11.211970        59.960560        -0.027466
1643124138.0000    241698.100000        35.710340    241499.600000       -84.324180    241062.500000       155.422500       396.676600      -144.197000       394.165600        94.910440       394.334700       -24.219740        59.963820        -0.079651
1643124139.0000    241918.000000        22.986810    241534.900000       -97.090860    241057.000000       142.715800       393.591300      -156.419800       393.284000        82.360610       390.818200       -36.942100        59.968960         0.071869
1643124140.0000    241606.400000        10.354440    241330.900000      -109.670000    240980.200000       130.090400       395.838300      -169.423400       392.347500        69.520440       392.131500       -49.514690        59.969650         0.115585
1643124141.0000    241867.800000        -1.609213    241493.100000      -121.715000    240873.800000       118.102400       393.596200       178.841800       394.580400        57.739940       392.179800       -61.843700        59.966460         0.109406
1643124142.0000    241857.900000       -13.400490    241487.000000      -133.454800    241070.200000       106.337600       394.001700       167.148800       392.612200        45.965790       390.712000       -73.249980        59.968030         0.008011
1643124143.0000    241933.100000       -24.554720    241572.800000      -144.608600    241161.300000        95.182780       394.607100       156.072600       393.394400        34.806720       391.406600       -84.386570        59.968410        -0.100937
1643124144.0000    241976.900000       -35.055020    241478.200000      -155.155600    240964.600000        84.685010       393.399900       145.628200       394.529400        24.301030       390.759300       -95.142300        59.969690        -0.035477
1643124145.0000    241717.500000       -43.071790    241252.100000      -163.156900    240755.600000        76.669660       395.663800       137.169100       396.348000        15.948740       392.984700      -103.506800        59.970900         0.067978          *
1643124146.0000    241717.500000       -43.071790    241252.100000      -163.156900    240755.600000        76.669660       395.663800       137.169100       396.348000        15.948740       392.984700      -103.506800        59.970900         0.067978          *
1643124147.0000    241717.500000       -43.071790    241252.100000      -163.156900    240755.600000        76.669660       395.663800       137.169100       396.348000        15.948740       392.984700      -103.506800        59.970900         0.067978          *
1643124148.0000    241717.500000       -43.071790    241252.100000      -163.156900    240755.600000        76.669660       395.663800       137.169100       396.348000        15.948740       392.984700      -103.506800        59.970900         0.067978          *
1643124149.0000    241717.500000       -43.071790    241252.100000      -163.156900    240755.600000        76.669660       395.663800       137.169100       396.348000        15.948740       392.984700      -103.506800        59.970900         0.067978          *
1643124150.0000    241717.500000       -43.071790    241252.100000      -163.156900    240755.600000        76.669660       395.663800       137.169100       396.348000        15.948740       392.984700      -103.506800        59.970900         0.067978          *
1643124151.0000    241717.500000       -43.071790    241252.100000      -163.156900    240755.600000        76.669660       395.663800       137.169100       396.348000        15.948740       392.984700      -103.506800        59.970900         0.067978          *
1643124152.0000    241717.500000       -43.071790    241252.100000      -163.156900    240755.600000        76.669660       395.663800       137.169100       396.348000        15.948740       392.984700      -103.506800        59.970900         0.067978          *
1643124153.0000    241717.500000       -43.071790    241252.100000      -163.156900    240755.600000        76.669660       395.663800       137.169100       396.348000        15.948740       392.984700      -103.506800        59.970900         0.067978          *
1643124154.0000    241717.500000       -43.071790    241252.100000      -163.156900    240755.600000        76.669660       395.663800       137.169100       396.348000        15.948740       392.984700      -103.506800        59.970900         0.067978          *
1643124155.0000    241717.500000       -43.071790    241252.100000      -163.156900    240755.600000        76.669660       395.663800       137.169100       396.348000        15.948740       392.984700      -103.506800        59.970900         0.067978          *
1643124156.0000    241717.500000       -43.071790    241252.100000      -163.156900    240755.600000        76.669660       395.663800       137.169100       396.348000        15.948740       392.984700      -103.506800        59.970900         0.067978          *
1643124157.0000    241717.500000       -43.071790    241252.100000      -163.156900    240755.600000        76.669660       395.663800       137.169100       396.348000        15.948740       392.984700      -103.506800        59.970900         0.067978          *
1643124158.0000    241717.500000       -43.071790    241252.100000      -163.156900    240755.600000        76.669660       395.663800       137.169100       396.348000        15.948740       392.984700      -103.506800        59.970900         0.067978          *
1643124159.0000    241717.500000       -43.071790    241252.100000      -163.156900    240755.600000        76.669660       395.663800       137.169100       396.348000        15.948740       392.984700      -103.506800        59.970900         0.067978          *
1643124160.0000    241717.500000       -43.071790    241252.100000      -163.156900    240755.600000        76.669660       395.663800       137.169100       396.348000        15.948740       392.984700      -103.506800        59.970900         0.067978          *
1643124161.0000    241717.500000       -43.071790    241252.100000      -163.156900    240755.600000        76.669660       395.663800       137.169100       396.348000        15.948740       392.984700      -103.506800        59.970900         0.067978          *
1643124162.0000    241717.500000       -43.071790    241252.100000      -163.156900    240755.600000        76.669660       395.663800       137.169100       396.348000        15.948740       392.984700      -103.506800        59.970900         0.067978          *
1643124163.0000    241717.500000       -43.071790    241252.100000      -163.156900    240755.600000        76.669660       395.663800       137.169100       396.348000        15.948740       392.984700      -103.506800        59.970900         0.067978          *
1643124164.0000    241717.500000       -43.071790    241252.100000      -163.156900    240755.600000        76.669660       395.663800       137.169100       396.348000        15.948740       392.984700      -103.506800        59.970900         0.067978          *
1643124165.0000    241717.500000       -43.071790    241252.100000      -163.156900    240755.600000        76.669660       395.663800       137.169100       396.348000        15.948740       392.984700      -103.506800        59.970900         0.067978          *
1643124166.0000    241717.500000       -43.071790    241252.100000      -163.156900    240755.600000        76.669660       395.663800       137.169100       396.348000        15.948740       392.984700      -103.506800        59.970900         0.067978          *
1643124167.0000    241717.500000       -43.071790    241252.100000      -163.156900    240755.600000        76.669660       395.663800       137.169100       396.348000        15.948740       392.984700      -103.506800        59.970900         0.067978          *
1643124168.0000    241717.500000       -43.071790    241252.100000      -163.156900    240755.600000        76.669660       395.663800       137.169100       396.348000        15.948740       392.984700      -103.506800        59.970900         0.067978          *
1643124169.0000    241717.500000       -43.071790    241252.100000      -163.156900    240755.600000        76.669660       395.663800       137.169100       396.348000        15.948740       392.984700      -103.506800        59.970900         0.067978          *
1643124170.0000    241717.500000       -43.071790    241252.100000      -163.156900    240755.600000        76.669660       395.663800       137.169100       396.348000        15.948740       392.984700      -103.506800        59.970900         0.067978          *
1643124171.0000    241634.200000      -150.806800    241321.300000        89.152520    240919.800000       -31.069120       395.095000        29.467170       392.605300       -91.738160       390.881800       149.183200        59.988990         0.041656
1643124172.0000    241858.800000      -154.714700    241544.800000        85.233080    241093.700000       -34.986180       393.768800        25.927340       391.683300       -95.158740       390.558300       145.605100        59.987680         0.044174
1643124173.0000    241511.500000      -159.538500    241252.200000        80.481140    241039.300000       -39.787580       399.359000        20.555440       394.001500      -100.599200       394.530800       140.640500        59.984330        -0.039139
1643124174.0000    241639.500000      -165.426200    241325.700000        74.553400    240986.000000       -45.684540       397.125200        14.953970       393.735100      -106.266000       393.325700       134.743300        59.983570         0.164566
1643124175.0000    241639.100000      -172.032500    241298.300000        67.966620    241045.500000       -52.274500       398.539200         8.298001       394.332400      -112.945900       393.488100       128.163500        59.983390        -0.009842
1643124176.0000    241146.100000      -179.550800    240981.400000        60.507070    240850.700000       -59.797040       400.593300        -0.082540       393.351700      -121.034400       395.736500       120.319300        59.975760        -0.236893
1643124177.0000    241760.800000       172.708900    241318.800000        52.704220    241110.300000       -67.512680       397.718100        -6.872947       393.919500      -128.161300       392.369000       112.973800        59.973060        -0.016022
1643124178.0000    241775.400000       164.729100    241289.900000        44.713420    241062.500000       -75.493760       396.134700       -14.729770       393.318100      -136.173300       391.000600       104.880200        59.982520         0.298233
1643124179.0000    241548.900000       155.954600    241393.000000        35.952370    241045.300000       -84.328280       396.937600       -23.875710       392.491900      -144.778300       394.086600        96.225590        59.975190         0.009842
