Terminal: LT 525  IVAIPORA ELS - IVAIPORA FUR C1
Tensão base: 525 kV
SOC inicial: 1643124120
SOC final: 1643124179
Taxa: 1 fasores/s
Total de frames faltantes: - 

Tempo_(SOC)           VA_mod_(V)     VA_ang_(graus)     VB_mod_(V)     VB_ang_(graus)     VC_mod_(V)     VC_ang_(graus)     IA_mod_(A)     IA_ang_(graus)     IB_mod_(A)     IB_ang_(graus)     IC_mod_(A)     IC_ang_(graus)     Frequência        Delta_Freq     Faltante
1643124120.0000    313336.900000      -105.768000    314026.100000       133.966800    312132.800000        14.054720       411.546000       122.380000       409.834200         2.045581       420.566600      -117.877800        59.974240        -0.017853
1643124121.0000    313208.300000      -114.865900    314011.000000       124.886700    312135.200000         4.950137       413.227900       113.365000       411.477800        -7.071183       421.510500      -126.874100        59.974460        -0.022430
1643124122.0000    313207.300000      -124.305900    313859.100000       115.437900    312008.800000        -4.472269       412.330100       103.929900       411.165400       -16.249190       422.333800      -136.324300        59.973190         0.016251
1643124123.0000    313266.000000      -134.264300    314097.200000       105.487000    312183.800000       -14.451100       411.632000        94.101030       409.673600       -26.254020       420.158100      -146.103900        59.972110        -0.038452
1643124124.0000    313335.300000      -144.461600    314075.000000        95.287890    312216.700000       -24.636730       411.365200        83.933970       409.511200       -36.423110       420.339900      -156.275600        59.971230         0.015335
1643124125.0000    313300.900000      -155.166200    314026.100000        84.565230    312092.800000       -35.349760       411.485800        73.042440       409.527700       -47.286580       420.366300      -167.180700        59.970830         0.045319
1643124126.0000    313166.000000      -166.393500    313991.300000        73.344110    312035.800000       -46.588840       413.316300        61.944270       410.978000       -58.469800       421.542000      -178.231600        59.967610        -0.037079
1643124127.0000    313305.900000      -177.991300    314036.300000        61.753040    312150.300000       -58.164860       412.819800        49.894710       410.514700       -70.284510       422.111200       169.806000        59.967720         0.005951
1643124128.0000    313324.100000       170.809600    314048.600000        50.562780    312206.500000       -69.358180       411.858800        39.073280       411.052400       -81.334050       420.677900       158.748100        59.968720         0.016251
1643124129.0000    313273.200000       159.291800    314059.800000        39.025940    312102.600000       -80.893880       413.901200        27.290900       411.907200       -93.126390       422.022900       147.076100        59.967950         0.040512
1643124130.0000    313405.800000       147.963700    314185.000000        27.718690    312311.100000       -92.217580       412.360400        16.186690       410.175900      -104.198800       420.952400       135.965000        59.969400         0.036392
1643124131.0000    313086.900000       136.360800    313870.600000        16.100830    311926.400000      -103.828200       412.969300         4.683843       411.156100      -115.735500       421.398700       124.454900        59.965600        -0.052643
1643124132.0000    313103.800000       124.058900    313882.100000         3.791754    311909.000000      -116.131900       413.508500        -7.641261       411.259700      -128.014400       421.793200       112.168400        59.965460         0.005493
1643124133.0000    313181.300000       111.127000    313954.300000        -9.135930    312002.800000      -129.063000       414.034200       -20.774650       412.323300      -141.105800       423.128400        98.995870        59.962920        -0.051041
1643124134.0000    313087.800000        97.582890    313891.400000       -22.688520    311882.600000      -142.614900       414.687300       -34.075440       412.077400      -154.559300       422.163600        85.767650        59.961310         0.000458
1643124135.0000    313277.300000        83.301380    314028.400000       -36.962250    312078.600000      -156.878600       413.782600       -48.480390       411.392600      -168.816700       422.061300        71.348560        59.959770         0.009613
1643124136.0000    313297.400000        68.837520    314046.800000       -51.425610    312096.300000      -171.347800       414.456100       -63.199550       412.114000       176.533200       423.541800        56.662580        59.959120        -0.054932
1643124137.0000    313272.300000        54.756750    314028.200000       -65.491370    312160.600000       174.580500       414.146300       -77.175640       411.977400       162.396400       422.399300        42.574030        59.962040         0.028839
1643124138.0000    313408.200000        41.325120    314161.500000       -78.925770    312296.900000       161.146100       413.290900       -90.694940       411.208300       148.943500       422.219400        29.116140        59.964320         0.032501
1643124139.0000    313253.100000        28.592380    314020.100000       -91.671540    312084.500000       148.406600       413.454300      -103.268800       411.239300       136.281400       421.471800        16.468070        59.966300         0.066147
1643124140.0000    313272.900000        15.994120    314066.400000      -104.259000    312166.800000       135.806400       413.674500      -115.871700       411.750600       123.707200       422.146100         3.885583        59.966100         0.028839
1643124141.0000    313300.800000         3.973134    314011.900000      -116.291600    312073.200000       123.789200       413.867700      -127.992200       411.051900       111.621100       422.230700        -8.103676        59.967980         0.019226
1643124142.0000    313235.200000        -7.792218    314001.600000      -128.048200    312085.800000       112.028000       413.329500      -139.795000       411.303100        99.757250       421.715200       -20.046190        59.967810         0.037994
1643124143.0000    313371.200000       -18.955240    314152.000000      -139.206000    312256.900000       100.865900       412.603200      -151.000800       411.146000        88.630090       421.594000       -31.277090        59.968700        -0.030441
1643124144.0000    313376.200000       -29.448640    314099.100000      -149.709600    312192.800000        90.377350       412.860000      -161.360500       410.737800        78.304830       421.481200       -41.539940        59.971470         0.024719
1643124145.0000    313250.800000       -39.594910    313979.300000      -159.846600    312099.300000        80.234930       413.619500      -171.543100       411.698400        68.090870       422.403700       -51.769040        59.973010         0.039597
1643124146.0000    313227.300000       -49.252540    313897.200000      -169.499800    312061.500000        70.587030       413.153900       178.874100       411.570000        58.621750       422.558800       -61.307910        59.974850         0.080795
1643124147.0000    313318.700000       -58.802490    314045.800000      -179.060800    312139.200000        61.023580       412.952500       169.220500       411.235800        48.890240       421.873800       -70.990680        59.973440        -0.009384
1643124148.0000    313319.100000       -68.199750    313973.600000       171.535600    312065.400000        51.632150       411.939700       159.979800       410.284200        39.801100       421.825600       -80.164840        59.974160        -0.060883
1643124149.0000    313300.300000       -77.236310    314004.700000       162.498500    312082.200000        42.586090       412.387200       150.950300       410.278500        30.640520       421.235100       -89.220310        59.975980         0.016708
1643124150.0000    313436.300000       -85.761410    314110.100000       153.976100    312213.900000        34.068210       413.071100       142.165000       411.376700        21.772240       421.873900       -98.127610        59.977730         0.032501
1643124151.0000    313396.300000       -93.288270    314146.400000       146.461300    312270.900000        26.539300       412.129900       134.671400       410.562300        14.273600       420.868200      -105.621000        59.980460         0.025635
1643124152.0000    313476.500000      -100.253500    314223.000000       139.489500    312303.700000        19.566420       412.252800       127.721600       410.334500         7.358542       421.135800      -112.487500        59.981450        -0.016251
1643124153.0000    313257.300000      -106.679300    314094.300000       133.068700    312164.700000        13.129240       412.753800       121.654500       411.012800         1.169806       420.810600      -118.625500        59.982060        -0.008698
1643124154.0000    313350.700000      -112.516400    314094.700000       127.213100    312137.800000         7.300321       411.588600       115.680600       409.254500        -4.680053       420.330300      -124.515400        59.984690        -0.024948
1643124155.0000    313414.400000      -117.607900    314120.300000       122.133400    312226.400000         2.216390       411.567000       110.421300       410.188800        -9.942977       420.968400      -129.859500        59.987510         0.027237
1643124156.0000    313405.900000      -121.757600    314202.400000       117.994400    312296.900000        -1.939975       409.843300       106.577600       407.842800       -13.813800       418.530200      -133.666800        59.988710        -0.009842
1643124157.0000    313430.500000      -125.692100    314173.100000       114.057000    312279.000000        -5.864623       409.814800       102.611200       409.016100       -17.730610       419.508500      -137.662500        59.990260         0.045547
1643124158.0000    313438.100000      -129.112100    314183.300000       110.633200    312283.400000        -9.287963       411.001500        99.047070       409.430000       -21.307960       420.060700      -141.264000        59.992440        -0.000687
1643124159.0000    313345.600000      -131.505000    314153.600000       108.245400    312250.600000       -11.686680       410.416500        96.671520       408.145400       -23.716960       418.893100      -143.534500        59.993840         0.013733
1643124160.0000    313452.600000      -133.282100    314190.000000       106.459600    312280.900000       -13.460610       410.507400        94.802890       408.621200       -25.574880       419.181200      -145.439300        59.996310        -0.021744
1643124161.0000    313355.000000      -134.199000    314091.400000       105.549000    312210.400000       -14.375830       409.450100        94.249760       408.214300       -26.183450       418.499800      -146.083700        59.997750        -0.026779
1643124162.0000    313308.000000      -134.759200    314080.900000       104.982800    312141.100000       -14.942650       410.508300        93.453010       408.926300       -26.978200       418.999800      -146.803000        59.998070        -0.077362
1643124163.0000    313165.400000      -134.856100    313891.600000       104.881400    311975.100000       -15.034600       410.680000        93.539560       408.373600       -26.836840       419.008500      -146.640400        60.000500         0.025635
1643124164.0000    313295.600000      -134.848100    314041.700000       104.883700    312085.400000       -15.035340       410.118500        93.478160       408.439400       -26.876570       419.317300      -146.779600        60.000850         0.005264
1643124165.0000    313263.800000      -134.852600    314048.900000       104.885300    312099.200000       -15.038710       410.783900        93.571610       408.920400       -26.715730       419.640600      -146.661100        59.999050        -0.000458
1643124166.0000    313140.000000      -135.262600    313877.300000       104.490700    312033.600000       -15.429980       410.723200        93.152730       409.281900       -27.204150       419.327400      -147.102900        59.997330        -0.027924
1643124167.0000    313165.800000      -136.246900    313973.600000       103.482800    311982.300000       -16.443080       411.449400        92.124430       409.536600       -28.277710       419.932300      -148.127600        59.997850         0.034790
1643124168.0000    313262.100000      -137.389700    314078.100000       102.339700    312065.900000       -17.585750       410.056800        90.932160       408.259000       -29.403090       419.445600      -149.278800        59.995740        -0.032959
1643124169.0000    313157.800000      -139.353100    313975.100000       100.398900    312078.700000       -19.537120       411.412000        88.911070       408.954200       -31.398600       419.831900      -151.222200        59.994120         0.025177
1643124170.0000    313169.000000      -141.875300    313899.300000        97.872220    312018.000000       -22.051720       411.426400        86.652050       409.177600       -33.739330       419.729600      -153.589000        59.990980        -0.019684
1643124171.0000    313129.500000      -145.101100    313926.800000        94.634800    311958.900000       -25.293730       412.703900        83.415820       410.246300       -36.963900       420.658800      -156.753400        59.989850        -0.014877
1643124172.0000    313175.900000      -149.033400    313906.900000        90.705230    311966.700000       -29.212470       412.097800        79.349170       409.587300       -41.053000       420.191000      -160.878000        59.988120         0.033188
1643124173.0000    313104.100000      -153.798800    313921.100000        85.948380    312006.200000       -33.984890       412.262400        74.862270       409.970800       -45.624060       419.819200      -165.384800        59.985420        -0.019226
1643124174.0000    313051.600000      -159.720700    313805.800000        80.017970    311883.900000       -39.902810       412.063900        68.869920       410.362500       -51.554260       420.776800      -171.421400        59.982240        -0.002060
1643124175.0000    313099.800000      -166.328700    313891.600000        73.414160    311972.200000       -46.514180       412.420200        62.191010       410.195400       -58.143860       421.087600      -177.997800        59.979760        -0.032730
1643124176.0000    313055.000000      -173.819200    313831.200000        65.934840    311970.300000       -54.000600       412.468300        54.707480       410.792300       -65.677960       421.078200       174.453800        59.977390        -0.064545
1643124177.0000    313267.900000       178.431200    313982.500000        58.163190    312053.400000       -61.748700       411.421200        46.676570       409.308400       -73.664200       420.329200       166.529800        59.978990        -0.020370
1643124178.0000    313130.600000       170.428700    313845.100000        50.172710    311967.000000       -69.746190       411.746800        38.910810       410.598500       -81.523350       420.319400       158.561500        59.977730         0.040283
1643124179.0000    313080.000000       161.642300    313898.900000        41.386670    311980.000000       -78.545610       412.997100        30.049420       411.277900       -90.397010       421.126500       149.800500        59.975350         0.023346
