Terminal: LT 525  AREIA - BATEIAS C1
Tensão base: 525 kV
SOC inicial: 1643124120
SOC final: 1643124179
Taxa: 1 fasores/s
Total de frames faltantes: - 

Tempo_(SOC)           VA_mod_(V)     VA_ang_(graus)     VB_mod_(V)     VB_ang_(graus)     VC_mod_(V)     VC_ang_(graus)     IA_mod_(A)     IA_ang_(graus)     IB_mod_(A)     IB_ang_(graus)     IC_mod_(A)     IC_ang_(graus)     Frequência        Delta_Freq     Faltante
1643124120.0000    312521.800000      -113.289400    313846.300000       126.623600    313536.200000         6.522490       511.326000      -100.372900       526.269200       138.987000       516.418000        17.888810        59.975120         0.002060
1643124121.0000    312466.300000      -122.395200    313899.100000       117.541800    313657.000000        -2.588538       512.263100      -109.430700       524.428100       130.242600       518.011700         9.260276        59.974550        -0.024490
1643124122.0000    312425.800000      -131.832200    313804.600000       108.099100    313568.900000       -12.022430       513.830600      -118.895000       525.558800       120.695800       518.772900        -0.214413        59.973760         0.042343
1643124123.0000    312475.800000      -141.767900    313911.000000        98.173470    313675.300000       -21.964000       513.759600      -128.712200       526.055100       110.912200       519.616600       -10.059370        59.973110         0.017853
1643124124.0000    312543.500000      -151.958300    313908.300000        87.979440    313699.500000       -32.141830       513.835400      -138.835900       525.772000       100.670100       518.577000       -20.189420        59.971520         0.018997
1643124125.0000    312450.800000      -162.669900    313816.600000        77.239720    313460.800000       -42.867300       513.192600      -149.826700       527.799200        89.625580       519.036900       -31.478140        59.970250         0.033646
1643124126.0000    312441.900000      -173.910300    313867.700000        66.010250    313539.100000       -54.112760       512.596600      -161.048500       527.349200        78.520960       518.866100       -42.669990        59.967840        -0.015793
1643124127.0000    312417.700000       174.464100    313790.700000        54.410130    313634.900000       -65.711360       513.250700      -172.743000       523.951700        66.758550       517.225900       -54.004880        59.967490         0.004349
1643124128.0000    312485.700000       163.305800    313837.200000        43.231980    313574.000000       -76.885740       513.507300       176.127300       527.031400        55.635690       518.818100       -65.376560        59.968420         0.013275
1643124129.0000    312463.500000       151.757000    313853.300000        31.667960    313509.600000       -88.444270       511.366500       164.604000       525.666500        44.136660       517.157900       -77.011000        59.968190         0.028610
1643124130.0000    312606.800000       140.461800    313997.400000        20.402330    313796.300000       -99.730510       512.841300       153.602100       524.639000        33.184360       517.875300       -87.716060        59.969890         0.062714
1643124131.0000    312307.400000       128.843200    313712.300000         8.759312    313388.000000      -111.358000       512.245700       141.537100       526.655000        21.164630       519.204500      -100.052200        59.966940         0.003662
1643124132.0000    312363.600000       116.538100    313756.700000        -3.556999    313367.100000      -123.666900       512.122900       129.325000       527.084000         8.776581       517.941500      -112.410100        59.965400        -0.019913
1643124133.0000    312332.800000       103.595900    313827.000000       -16.484480    313473.200000      -136.618200       510.892000       116.213200       524.932100        -3.980585       518.688700      -125.221900        59.962310        -0.100479
1643124134.0000    312360.200000        90.057110    313741.100000       -30.036960    313371.200000      -150.147100       511.431200       102.813200       525.917800       -17.695040       517.316000      -138.806500        59.961890         0.005493
1643124135.0000    312507.700000        75.785380    313880.900000       -44.296820    313593.100000      -164.410900       512.377600        88.759990       525.816500       -31.698190       518.103300      -152.750700        59.960540         0.023346
1643124136.0000    312487.000000        61.306400    313888.000000       -58.766370    313632.200000      -178.887400       511.872300        74.246180       524.228000       -46.174240       516.845500      -167.139000        59.959460        -0.023117
1643124137.0000    312463.800000        47.231850    313786.700000       -72.838490    313569.500000       167.049400       512.655300        59.900070       525.197600       -60.666720       516.750400       178.439500        59.963460         0.086060
1643124138.0000    312608.700000        33.788850    313982.000000       -86.267670    313803.900000       153.603500       511.877600        46.742420       522.752100       -73.678220       516.569800       165.467100        59.963610        -0.025864
1643124139.0000    312379.900000        21.067470    313778.900000       -99.023460    313433.700000       140.861700       513.015000        33.764710       527.307100       -86.733960       518.839700       152.119500        59.965170         0.028839
1643124140.0000    312493.400000         8.465207    313909.300000      -111.602300    313666.200000       128.267200       512.468200        21.314130       525.035500       -99.105990       517.936800       139.911800        59.965770         0.018082
1643124141.0000    312393.200000        -3.568906    313730.100000      -123.646300    313456.000000       116.241700       513.558300         8.858612       526.265400      -111.683000       517.733300       127.377500        59.967860         0.038681
1643124142.0000    312369.300000       -15.326050    313774.800000      -135.412500    313440.300000       104.471100       510.837600        -2.641132       526.271100      -123.140500       517.398600       115.643100        59.967560         0.011902
1643124143.0000    312478.400000       -26.482300    313898.400000      -146.550300    313633.200000        93.319280       513.331200       -13.664070       526.067600      -134.002400       519.106600       104.910600        59.968730        -0.018768
1643124144.0000    312544.500000       -36.966480    313914.300000      -157.041200    313656.100000        82.841450       512.447900       -23.993950       525.041200      -144.414400       517.805300        94.624080        59.971660         0.014191
1643124145.0000    312404.600000       -47.136000    313778.600000      -167.195400    313577.200000        72.678380       512.606300       -34.514010       523.647300      -154.919700       517.490200        84.244710        59.972360        -0.002060
1643124146.0000    312393.300000       -56.783070    313732.500000      -176.842200    313545.300000        63.036510       514.280400       -44.245570       526.303800      -164.735300       518.892400        74.373530        59.974920         0.083771
1643124147.0000    312460.200000       -66.331180    313854.700000       173.590700    313559.400000        53.475510       513.289500       -53.556400       526.769800      -174.038300       518.689200        64.950340        59.973530        -0.020142
1643124148.0000    312428.100000       -75.708560    313753.500000       164.210900    313485.500000        44.099160       514.879200       -63.097210       527.451900       176.348100       519.028900        55.387600        59.973340        -0.092011
1643124149.0000    312442.200000       -84.747060    313771.200000       155.171700    313501.100000        35.059100       514.638300       -72.137990       528.303300       167.360900       519.797900        46.323580        59.975630        -0.008240
1643124150.0000    312521.800000       -93.292450    313814.900000       146.627300    313550.700000        26.522720       513.751900       -80.549040       527.022200       158.821400       518.172100        37.846290        59.977280         0.053101
1643124151.0000    312465.300000      -100.816600    313836.700000       139.118300    313625.800000        18.991080       513.926900       -88.048260       526.796800       151.522900       519.447600        30.542180        59.980320         0.032730
1643124152.0000    312565.700000      -107.768800    313927.800000       132.161900    313703.500000        12.038950       514.340300       -94.870680       526.599700       144.701300       519.340600        23.733230        59.981450        -0.032043
1643124153.0000    312489.900000      -114.179300    313913.300000       125.745000    313618.800000         5.612843       515.153900      -101.484800       528.982300       138.159200       521.869400        17.058080        59.983500         0.047150
1643124154.0000    312424.400000      -120.000700    313760.200000       119.909300    313438.800000        -0.199749       516.992000      -107.412600       531.967000       132.029900       522.214500        10.957470        59.985710         0.028839
1643124155.0000    312478.700000      -125.104700    313868.400000       114.812900    313587.900000        -5.303941       516.795700      -112.343400       530.271200       127.227800       522.211900         6.194749        59.987170        -0.004120
1643124156.0000    312420.000000      -129.210900    313855.200000       110.722600    313609.300000        -9.414110       519.626400      -116.421200       532.244100       123.283000       525.783100         2.255275        59.988480        -0.011902
1643124157.0000    312513.800000      -133.154200    313901.700000       106.774200    313639.200000       -13.351420       519.334700      -120.374600       531.961400       119.259000       525.101400        -1.764944        59.990340         0.037537
1643124158.0000    312438.400000      -136.586200    313842.400000       103.342900    313594.800000       -16.781060       519.206000      -123.883500       531.867400       115.718800       524.718600        -5.271793        59.991800        -0.004349
1643124159.0000    312294.800000      -138.976600    313684.800000       100.964400    313485.300000       -19.171710       520.032700      -126.663800       531.163600       112.911400       524.818200        -7.941102        59.993550        -0.028152
1643124160.0000    312470.700000      -140.758300    313864.800000        99.164790    313561.300000       -20.957940       519.810900      -128.184000       533.364700       111.428500       525.585400        -9.677157        59.996430        -0.019913
1643124161.0000    312400.900000      -141.661700    313772.400000        98.263580    313516.300000       -21.862120       521.620300      -129.171400       534.687600       110.416000       527.004800       -10.581720        59.997780        -0.030670
1643124162.0000    312305.300000      -142.233600    313699.700000        97.682950    313379.900000       -22.441210       518.971000      -129.862500       533.943000       109.689800       525.702200       -11.462080        59.997360        -0.113983
1643124163.0000    312241.400000      -142.339200    313529.500000        97.581300    313269.400000       -22.527070       520.880900      -130.101100       534.863000       109.275200       525.248900       -11.714920        59.999760        -0.000916
1643124164.0000    312281.000000      -142.312400    313705.800000        97.597540    313338.500000       -22.529190       519.233000      -130.015000       534.105000       109.652600       526.688800       -11.596490        60.001130         0.017395
1643124165.0000    312291.400000      -142.314400    313724.700000        97.614940    313446.800000       -22.527470       520.725800      -130.092400       533.575600       109.708700       527.610400       -11.383770        59.999600         0.003433
1643124166.0000    312236.200000      -142.746600    313537.000000        97.196460    313363.000000       -22.926790       522.120500      -130.463300       533.505600       109.108500       526.678300       -11.721860        59.997460        -0.024261
1643124167.0000    312210.700000      -143.728700    313689.900000        96.186970    313317.200000       -23.948870       519.198900      -131.559000       532.858700       108.154900       526.464700       -12.968470        59.998130         0.040741
1643124168.0000    312241.600000      -144.840800    313760.300000        95.067260    313343.500000       -25.071240       519.812200      -132.568600       534.490100       107.279700       528.507600       -13.995410        59.994770        -0.061569
1643124169.0000    312188.100000      -146.838900    313626.200000        93.104530    313405.800000       -27.038120       520.671900      -134.661400       533.009900       105.010400       526.551900       -15.964610        59.993270        -0.009842
1643124170.0000    312293.900000      -149.341900    313641.300000        90.589160    313409.200000       -29.532130       521.938400      -136.795800       534.359700       102.721900       526.888500       -18.192800        59.991710         0.019913
1643124171.0000    312318.000000      -152.583500    313712.800000        87.334750    313387.000000       -32.789620       520.463400      -140.218300       534.270600        99.324030       526.304900       -21.722760        59.989720        -0.011215
1643124172.0000    312289.900000      -156.525900    313632.800000        83.396290    313359.100000       -36.720190       521.364700      -144.160000       534.320400        95.327150       526.229400       -25.636910        59.988910         0.055847
1643124173.0000    312298.900000      -161.277800    313686.700000        78.648500    313400.500000       -41.477610       521.584100      -149.007600       535.121800        90.539650       527.046000       -30.509780        59.985550        -0.014420
1643124174.0000    312278.300000      -167.212800    313628.600000        72.700660    313304.800000       -47.411890       520.631800      -154.981900       534.328800        84.452610       525.315800       -36.545380        59.982770         0.015793
1643124175.0000    312282.300000      -173.819100    313670.300000        66.114110    313432.400000       -54.019000       520.705400      -161.588200       532.928900        78.001430       526.063800       -42.947190        59.979800        -0.043488
1643124176.0000    312233.900000       178.692200    313615.800000        58.635950    313413.800000       -61.499380       521.089000      -169.159900       532.876000        70.409000       525.984300       -50.471280        59.977840        -0.008011
1643124177.0000    312364.300000       170.943600    313695.500000        50.864820    313432.800000       -69.251740       520.866500      -176.604300       533.191500        62.885860       525.769300       -58.037710        59.978260        -0.020828
1643124178.0000    312249.900000       162.938100    313601.300000        42.859680    313315.200000       -77.258720       520.541200       175.087400       534.996100        54.584250       526.186000       -66.499320        59.977730         0.055618
1643124179.0000    312265.100000       154.144900    313687.700000        34.070660    313401.300000       -86.059260       520.004900       166.275600       533.416300        45.916960       526.446200       -75.164730        59.975430         0.025864
