Terminal: LT 500  ITUMBIARA - R.VERDE NORTE C1
Tensão base: 500 kV
SOC inicial: 1643124120
SOC final: 1643124179
Taxa: 1 fasores/s
Total de frames faltantes: - 

Tempo_(SOC)           VA_mod_(V)     VA_ang_(graus)     VB_mod_(V)     VB_ang_(graus)     VC_mod_(V)     VC_ang_(graus)     IA_mod_(A)     IA_ang_(graus)     IB_mod_(A)     IB_ang_(graus)     IC_mod_(A)     IC_ang_(graus)     Frequência        Delta_Freq     Faltante
1643124120.0000         0.000000       -61.575780         0.000000       178.356000         0.000000        58.550560         0.000000       117.771500         0.000000        -1.862113         0.000000      -123.495300        59.974000         0.000000
1643124121.0000         0.000000       -70.651430         0.000000       169.280400         0.000000        49.469180         0.000000       108.621300         0.000000       -11.023710         0.000000      -132.645500        59.974000        -0.020000
1643124122.0000         0.000000       -80.093770         0.000000       159.843800         0.000000        40.038290         0.000000        99.287860         0.000000       -20.351460         0.000000      -141.990400        59.973000        -0.030000
1643124123.0000         0.000000       -90.126260         0.000000       149.805500         0.000000        29.994340         0.000000        89.123590         0.000000       -30.521460         0.000000      -152.137500        59.972000        -0.020000
1643124124.0000         0.000000      -100.382200         0.000000       139.549600         0.000000        19.744130         0.000000        79.039530         0.000000       -40.616980         0.000000      -162.227300        59.971000         0.010000
1643124125.0000         0.000000      -111.050700         0.000000       128.886900         0.000000         9.075651         0.000000        68.336680         0.000000       -51.308370         0.000000      -172.907200        59.969000         0.000000
1643124126.0000         0.000000      -122.194700         0.000000       117.731400         0.000000        -2.068378         0.000000        57.141080         0.000000       -62.521160         0.000000       175.875100        59.968000         0.000000
1643124127.0000         0.000000      -133.814300         0.000000       106.123200         0.000000       -13.682230         0.000000        45.510040         0.000000       -74.135010         0.000000       164.232600        59.968000         0.000000
1643124128.0000         0.000000      -145.101600         0.000000        94.841710         0.000000       -24.963770         0.000000        34.268600         0.000000       -85.382170         0.000000       153.002700        59.969000        -0.050000
1643124129.0000         0.000000      -156.451900         0.000000        83.474220         0.000000       -36.325520         0.000000        22.729240         0.000000       -96.927270         0.000000       141.446100        59.968000         0.020000
1643124130.0000         0.000000      -167.876600         0.000000        72.060910         0.000000       -47.750300         0.000000        11.522180         0.000000      -108.128600         0.000000       130.250500        59.969000         0.000000
1643124131.0000         0.000000      -179.387400         0.000000        60.544450         0.000000       -59.261020         0.000000         0.000000         0.000000      -119.673700         0.000000       118.716900        59.966000        -0.050000
1643124132.0000         0.000000       168.386600         0.000000        48.328990         0.000000       -71.476490         0.000000       -12.536320         0.000000      -132.198500         0.000000       106.169100        59.965000         0.000000
1643124133.0000         0.000000       155.363200         0.000000        35.299930         0.000000       -84.499820         0.000000       -25.301820         0.000000      -144.952600         0.000000        93.426500        59.963000         0.000000
1643124134.0000         0.000000       141.789900         0.000000        21.726560         0.000000       -98.073190         0.000000       -38.863730         0.000000      -158.526000         0.000000        79.858860        59.961000         0.000000
1643124135.0000         0.000000       127.528900         0.000000         7.465640         0.000000      -112.328400         0.000000       -53.227780         0.000000      -172.878600         0.000000        65.483350        59.959000         0.010000
1643124136.0000         0.000000       113.027400         0.000000        -7.030192         0.000000      -126.835700         0.000000       -67.660580         0.000000       172.683700         0.000000        51.067730        59.961000        -0.030000
1643124137.0000         0.000000        99.035750         0.000000       -21.021820         0.000000      -140.827300         0.000000       -81.738160         0.000000       158.606200         0.000000        36.972970        59.962000         0.010000
1643124138.0000         0.000000        85.685840         0.000000       -34.371740         0.000000      -154.177200         0.000000       -95.099530         0.000000       145.239100         0.000000        23.594400        59.963000         0.010000
1643124139.0000         0.000000        72.897420         0.000000       -47.154430         0.000000      -166.965600         0.000000      -107.928100         0.000000       132.422000         0.000000        10.783070        59.966000         0.030000
1643124140.0000         0.000000        60.366830         0.000000       -59.685010         0.000000      -179.496200         0.000000      -120.579000         0.000000       119.759600         0.000000        -1.879302        59.966000         0.010000
1643124141.0000         0.000000        48.323260         0.000000       -71.728580         0.000000       168.461000         0.000000      -132.479300         0.000000       107.876500         0.000000       -13.762450        59.967000         0.030000
1643124142.0000         0.000000        36.577630         0.000000       -83.474220         0.000000       156.709700         0.000000      -144.288000         0.000000        96.050640         0.000000       -25.588290        59.968000         0.000000
1643124143.0000         0.000000        25.387760         0.000000       -94.664090         0.000000       145.519800         0.000000      -155.460600         0.000000        84.883700         0.000000       -36.743780        59.970000        -0.010000
1643124144.0000         0.000000        14.856800         0.000000      -105.189300         0.000000       135.000300         0.000000      -165.922900         0.000000        74.427220         0.000000       -47.223180        59.971000         0.000000
1643124145.0000         0.000000         4.830034         0.000000      -115.221800         0.000000       124.967800         0.000000      -176.064200         0.000000        64.285870         0.000000       -57.364540        59.972000         0.040000
1643124146.0000         0.000000        -4.841494         0.000000      -124.893300         0.000000       115.296300         0.000000       174.328100         0.000000        54.688820         0.000000       -66.967310        59.973000         0.030000
1643124147.0000         0.000000       -14.364050         0.000000      -134.427400         0.000000       105.762300         0.000000       164.662300         0.000000        45.028750         0.000000       -76.621640        59.974000        -0.020000
1643124148.0000         0.000000       -23.846500         0.000000      -143.904100         0.000000        96.285560         0.000000       155.311700         0.000000        35.683810         0.000000       -85.960860        59.975000         0.000000
1643124149.0000         0.000000       -32.887780         0.000000      -152.951100         0.000000        87.238560         0.000000       146.218800         0.000000        26.585240         0.000000       -95.059430        59.976000         0.000000
1643124150.0000         0.000000       -41.424850         0.000000      -161.482400         0.000000        78.707210         0.000000       137.836500         0.000000        18.191410         0.000000      -103.441800        59.978000         0.030000
1643124151.0000         0.000000       -48.970700         0.000000      -169.034000         0.000000        71.155630         0.000000       130.233300         0.000000        10.605450         0.000000      -111.033500        59.980000         0.020000
1643124152.0000         0.000000       -55.897760         0.000000      -175.961100         0.000000        64.222840         0.000000       123.329200         0.000000         3.678389         0.000000      -117.960500        59.982000         0.000000
1643124153.0000         0.000000       -62.286240         0.000000       177.639800         0.000000        57.828630         0.000000       116.935000         0.000000        -2.721550         0.000000      -124.354800        59.982000         0.000000
1643124154.0000         0.000000       -68.290840         0.000000       171.635200         0.000000        51.835490         0.000000       111.033500         0.000000        -8.600097         0.000000      -130.244800        59.985000        -0.030000
1643124155.0000         0.000000       -73.338600         0.000000       166.593200         0.000000        46.787730         0.000000       105.911200         0.000000       -13.733800         0.000000      -135.378500        59.988000         0.020000
1643124156.0000         0.000000       -77.624320         0.000000       162.307500         0.000000        42.496280         0.000000       101.751600         0.000000       -17.893470         0.000000      -139.526700        59.989000         0.010000
1643124157.0000         0.000000       -81.417300         0.000000       158.514500         0.000000        38.709030         0.000000        97.844000         0.000000       -21.801040         0.000000      -143.445700        59.990000         0.030000
1643124158.0000         0.000000       -84.883700         0.000000       155.048100         0.000000        35.242630         0.000000        94.389070         0.000000       -25.250250         0.000000      -146.894900        59.992000        -0.020000
1643124159.0000         0.000000       -87.313040         0.000000       152.613000         0.000000        32.801830         0.000000        91.999830         0.000000       -27.645210         0.000000      -149.272700        59.994000         0.030000
1643124160.0000         0.000000       -89.037640         0.000000       150.888400         0.000000        31.088690         0.000000        90.160640         0.000000       -29.472950         0.000000      -151.129100        59.996000         0.030000
1643124161.0000         0.000000       -90.011670         0.000000       149.920100         0.000000        30.114660         0.000000        89.295470         0.000000       -30.349580         0.000000      -151.994200        59.997000         0.000000
1643124162.0000         0.000000       -90.492950         0.000000       149.427400         0.000000        29.621920         0.000000        88.756890         0.000000       -30.905340         0.000000      -152.555700        59.999000        -0.030000
1643124163.0000         0.000000       -90.498680         0.000000       149.427400         0.000000        29.621920         0.000000        88.774080         0.000000       -30.876700         0.000000      -152.521400        59.999000         0.000000
1643124164.0000         0.000000       -90.573170         0.000000       149.352900         0.000000        29.553160         0.000000        88.550630         0.000000       -31.088690         0.000000      -152.739100        60.000000        -0.010000
1643124165.0000         0.000000       -90.664840         0.000000       149.261200         0.000000        29.455760         0.000000        88.653760         0.000000       -30.979830         0.000000      -152.618800        60.001000         0.010000
1643124166.0000         0.000000       -90.939860         0.000000       148.991900         0.000000        29.180740         0.000000        88.338630         0.000000       -31.323600         0.000000      -152.951100        59.999000        -0.070000
1643124167.0000         0.000000       -91.868050         0.000000       148.052300         0.000000        28.258280         0.000000        87.307310         0.000000       -32.343470         0.000000      -153.988100        59.997000         0.010000
1643124168.0000         0.000000       -93.266070         0.000000       146.665700         0.000000        26.865990         0.000000        86.121280         0.000000       -33.540950         0.000000      -155.157000        59.995000         0.000000
1643124169.0000         0.000000       -95.122450         0.000000       144.809400         0.000000        25.003880         0.000000        84.133130         0.000000       -35.517650         0.000000      -157.150900        59.994000         0.010000
1643124170.0000         0.000000       -97.706490         0.000000       142.225300         0.000000        22.425570         0.000000        81.635030         0.000000       -38.027210         0.000000      -159.660400        59.992000         0.010000
1643124171.0000         0.000000      -100.846300         0.000000       139.079800         0.000000        19.280030         0.000000        78.386350         0.000000       -41.270150         0.000000      -162.891900        59.990000        -0.020000
1643124172.0000         0.000000      -104.759600         0.000000       135.172200         0.000000        15.372460         0.000000        74.536080         0.000000       -45.120430         0.000000      -166.753600        59.988000         0.010000
1643124173.0000         0.000000      -105.418500         0.000000       134.513300         0.000000        14.713560         0.000000        73.791240         0.000000       -45.871000         0.000000      -167.492800        59.988000         0.020000          *
1643124174.0000         0.000000      -105.418500         0.000000       134.513300         0.000000        14.713560         0.000000        73.791240         0.000000       -45.871000         0.000000      -167.492800        59.988000         0.020000          *
1643124175.0000         0.000000      -105.418500         0.000000       134.513300         0.000000        14.713560         0.000000        73.791240         0.000000       -45.871000         0.000000      -167.492800        59.988000         0.020000          *
1643124176.0000         0.000000      -105.418500         0.000000       134.513300         0.000000        14.713560         0.000000        73.791240         0.000000       -45.871000         0.000000      -167.492800        59.988000         0.020000          *
1643124177.0000         0.000000      -105.418500         0.000000       134.513300         0.000000        14.713560         0.000000        73.791240         0.000000       -45.871000         0.000000      -167.492800        59.988000         0.020000          *
1643124178.0000         0.000000      -105.418500         0.000000       134.513300         0.000000        14.713560         0.000000        73.791240         0.000000       -45.871000         0.000000      -167.492800        59.988000         0.020000          *
1643124179.0000         0.000000      -105.418500         0.000000       134.513300         0.000000        14.713560         0.000000        73.791240         0.000000       -45.871000         0.000000      -167.492800        59.988000         0.020000          *
