Terminal: LT 500  PARANATINGA - RIBEIRAOZINHO C3
Tensão base: 500 kV
SOC inicial: 1643124120
SOC final: 1643124179
Taxa: 1 fasores/s
Total de frames faltantes: - 

Tempo_(SOC)           VA_mod_(V)     VA_ang_(graus)     VB_mod_(V)     VB_ang_(graus)     VC_mod_(V)     VC_ang_(graus)     IA_mod_(A)     IA_ang_(graus)     IB_mod_(A)     IB_ang_(graus)     IC_mod_(A)     IC_ang_(graus)     Frequência        Delta_Freq     Faltante
1643124120.0000    291175.500000       -27.246430    291943.600000      -145.795700    298089.000000        93.524860      1070.942000       -21.993960      1155.568000      -143.414600      1101.691000        93.958700        59.975830         0.001373
1643124121.0000    291213.800000       -36.363860    292006.000000      -154.916300    298110.200000        84.401740      1070.414000       -31.142520      1155.022000      -152.499400      1101.237000        84.869350        59.976270         0.012131
1643124122.0000    291198.000000       -45.747670    292004.300000      -164.298800    298135.400000        75.016050      1071.294000       -40.532760      1155.240000      -161.973000      1102.188000        75.432170        59.973890         0.050354
1643124123.0000    291228.800000       -55.809050    292030.000000      -174.366700    298137.700000        64.954700      1071.349000       -50.563830      1155.021000      -171.967300      1102.012000        65.401560        59.972660         0.021973
1643124124.0000    291150.900000       -66.019870    291947.800000       175.426000    298080.300000        54.739400      1071.603000       -60.774280      1156.054000       177.791500      1102.142000        55.208920        59.971270         0.035248
1643124125.0000    291087.200000       -76.685410    291889.600000       164.762900    298026.600000        44.079190      1071.773000       -71.466460      1155.902000       167.136400      1102.530000        44.513440        59.967480        -0.016479
1643124126.0000    291095.300000       -87.829590    291869.500000       153.613800    297999.100000        32.935830      1071.816000       -82.592220      1156.240000       156.015600      1102.991000        33.390390        59.970040         0.035248
1643124127.0000    291141.600000       -99.565900    291908.500000       141.884900    298041.300000        21.206680      1069.508000       -94.286350      1153.626000       144.323700      1100.032000        21.713750        59.968360        -0.002975
1643124128.0000    291247.300000      -110.813100    292025.300000       130.635100    298184.600000         9.954067      1069.827000      -105.544800      1153.460000       133.039400      1100.283000        10.411180        59.969130         0.010071
1643124129.0000    291202.900000      -122.195500    291960.600000       119.247800    298102.200000        -1.425891      1069.133000      -116.924600      1153.461000       121.679800      1099.798000        -0.966199        59.966030        -0.001144
1643124130.0000    291101.700000      -133.543800    291916.100000       107.896300    298025.800000       -12.781850      1070.486000      -128.320000      1154.954000       110.301500      1101.523000       -12.341070        59.967140        -0.001373
1643124131.0000    291119.800000      -145.031400    291942.000000        96.413000    298034.300000       -24.270300      1070.584000      -139.849000      1155.629000        98.757400      1102.255000       -23.869440        59.968740         0.049896
1643124132.0000    291184.200000      -157.355100    291972.800000        84.090970    298083.800000       -36.588150      1069.804000      -152.100300      1154.110000        86.518030      1100.449000       -36.119510        59.964600        -0.014191
1643124133.0000    291268.900000      -170.320700    292064.400000        71.120070    298184.400000       -49.560440      1070.083000      -165.130000      1154.156000        73.459650      1100.932000       -49.162330        59.964080         0.012131
1643124134.0000    291143.300000       176.127700    291917.700000        57.570850    298057.800000       -63.107890      1070.879000      -178.644500      1155.055000        59.949140      1101.927000       -62.691100        59.962450         0.018539
1643124135.0000    291239.600000       161.807900    292016.700000        43.254180    298131.700000       -77.426380      1069.432000       167.032200      1153.796000        45.618340      1100.689000       -76.979700        59.958420        -0.053329
1643124136.0000    291200.500000       147.326300    291993.000000        28.772990    298122.700000       -91.904990      1070.304000       152.553400      1154.713000        31.159760      1101.387000       -91.475880        59.961220         0.047836
1643124137.0000    291252.600000       133.311800    292043.500000        14.761260    298156.800000      -105.921100      1069.711000       138.532100      1153.940000        17.131520      1100.587000      -105.483100        59.962380         0.030670
1643124138.0000    291209.200000       119.964900    292021.300000         1.412447    298141.000000      -119.272300      1069.552000       125.182700      1153.995000         3.775333      1101.046000      -118.871300        59.963680         0.116272
1643124139.0000    291257.000000       107.163500    292063.000000       -11.389150    298183.900000      -132.069200      1069.731000       112.370100      1153.596000        -9.025294      1100.613000      -131.645300        59.964640         0.000916
1643124140.0000    291231.900000        94.598750    292037.700000       -23.957760    298148.000000      -144.637600      1068.929000        99.855030      1153.392000       -21.553750      1100.007000      -144.164300        59.964780        -0.001831
1643124141.0000    291172.200000        82.597850    291957.100000       -35.951880    298101.500000      -156.633900      1069.593000        87.832270      1153.897000       -33.586570      1100.381000      -156.217700        59.965560        -0.058136
1643124142.0000    291203.600000        70.819550    292014.300000       -47.732770    298132.100000      -168.415300      1069.028000        76.067270      1153.392000       -45.343560      1099.624000      -167.929000        59.967740         0.011215
1643124143.0000    291150.800000        59.629070    291956.300000       -58.920000    298070.700000      -179.603500      1068.932000        64.909770      1153.425000       -56.513450      1100.191000      -179.131600        59.971160         0.050583
1643124144.0000    291205.700000        49.066070    292001.500000       -69.480830    298149.600000       169.837100      1068.107000        54.325000      1152.067000       -67.079070      1099.090000       170.287800        59.969960        -0.103912
1643124145.0000    291190.400000        39.081420    291992.800000       -79.465290    298135.800000       159.853000      1069.035000        44.319190      1153.372000       -77.083760      1100.034000       160.333000        59.971740        -0.041656
1643124146.0000    291199.200000        29.438170    291997.800000       -89.103430    298163.100000       150.209400      1070.326000        34.630900      1154.490000       -86.770240      1101.060000       150.645000        59.972880        -0.025864
1643124147.0000    291139.100000        19.888240    291926.500000       -98.665680    298068.500000       140.656800      1069.701000        25.165250      1154.676000       -96.237190      1100.759000       141.120700        59.971990         0.027008
1643124148.0000    291269.800000        10.382800    292054.300000      -108.170000    298193.400000       131.152300      1069.409000        15.630870      1153.554000      -105.776400      1100.029000       131.586100        59.975070         0.041885
1643124149.0000    291255.500000         1.332351    292039.200000      -117.223400    298151.000000       122.100200      1068.969000         6.619167      1153.087000      -114.800600      1099.466000       122.580500        59.975030        -0.042114
1643124150.0000    291248.400000        -7.182504    292048.300000      -125.737900    298161.700000       113.585100      1068.660000        -1.927761      1152.622000      -123.345600      1099.406000       114.053900        59.977370         0.005722
1643124151.0000    291261.700000       -14.677330    292047.100000      -133.231100    298166.000000       106.088200      1069.878000        -9.440003      1154.374000      -130.865400      1100.559000       106.561200        59.979450         0.039825
1643124152.0000    291269.300000       -21.602810    292070.300000      -140.160100    298174.400000        99.160990      1069.422000       -16.417560      1153.616000      -137.816300      1100.440000        99.557060        59.981950        -0.000916
1643124153.0000    291129.500000       -27.992760    291924.500000      -146.549300    298025.100000        92.770070      1069.590000       -22.751740      1154.007000      -144.137900      1101.009000        93.226490        59.982230         0.003433
1643124154.0000    291296.600000       -33.995480    292079.500000      -152.550300    298202.800000        86.775720      1069.482000       -28.737500      1154.198000      -150.175800      1100.644000        87.210660        59.987190         0.022888
1643124155.0000    291252.200000       -39.018440    292046.300000      -157.569800    298181.800000        81.748110      1069.902000       -33.795270      1154.446000      -155.172300      1101.180000        82.177560        59.989020         0.081940
1643124156.0000    291233.300000       -43.330090    292023.500000      -161.884800    298135.100000        77.436200      1069.133000       -38.099720      1153.157000      -159.490000      1100.353000        77.890260        59.989300        -0.008926
1643124157.0000    291156.400000       -47.086240    291953.500000      -165.636700    298082.300000        73.679690      1070.313000       -41.846730      1154.302000      -163.256000      1101.376000        74.094770        59.986350        -0.089493
1643124158.0000    291315.900000       -50.647030    292083.900000      -169.201000    298209.500000        70.123790      1068.128000       -45.375750      1152.390000      -166.781400      1099.143000        70.588870        59.992160        -0.006638
1643124159.0000    291252.200000       -53.036790    292038.200000      -171.596700    298129.100000        67.726810      1068.597000       -47.738080      1152.891000      -169.156100      1099.555000        68.216840        59.993780         0.014648
1643124160.0000    291276.400000       -54.790510    292053.100000      -173.345500    298164.700000        65.978840      1068.817000       -49.506780      1152.535000      -170.935800      1099.327000        66.453030        59.995460        -0.018082
1643124161.0000    291177.400000       -55.738290    291963.400000      -174.295600    298061.900000        65.028820      1068.384000       -50.452480      1152.539000      -171.848500      1099.332000        65.542820        59.995700        -0.056076
1643124162.0000    291219.500000       -56.248140    292006.800000      -174.807500    298084.300000        64.515460      1068.335000       -50.967940      1152.320000      -172.359900      1098.657000        65.027810        59.997840         0.013275
1643124163.0000    291195.500000       -56.236560    291965.600000      -174.792200    298077.500000        64.528660      1067.763000       -50.972150      1152.745000      -172.360800      1099.178000        65.017590        60.001530         0.007553
1643124164.0000    291249.500000       -56.330870    292020.300000      -174.886400    298129.800000        64.439950      1068.345000       -50.992480      1153.037000      -172.413900      1099.551000        64.961270        60.001190         0.033188
1643124165.0000    291188.300000       -56.356940    291977.700000      -174.918300    298068.900000        64.408080      1069.567000       -51.059330      1153.482000      -172.496900      1100.100000        64.898160        60.001040         0.067520
1643124166.0000    291150.600000       -56.663580    291983.300000      -175.218300    298076.300000        64.100690      1069.135000       -51.408290      1153.003000      -172.816100      1099.892000        64.568740        59.997650        -0.046463
1643124167.0000    291166.800000       -57.610290    291940.300000      -176.168700    298063.500000        63.158410      1068.334000       -52.282020      1152.941000      -173.747500      1099.564000        63.654860        59.994380        -0.032272
1643124168.0000    291165.200000       -59.002880    291943.200000      -177.555800    298054.800000        61.767970      1068.578000       -53.688370      1152.147000      -175.108100      1098.759000        62.308700        59.995970         0.034332
1643124169.0000    291167.600000       -60.899940    291943.100000      -179.454800    298046.500000        59.867160      1066.881000       -55.567520      1151.491000      -176.966000      1097.875000        60.414720        59.993110         0.008469
1643124170.0000    291243.300000       -63.461600    292013.400000       177.983100    298133.600000        57.303730      1067.526000       -58.160670      1151.865000      -179.600800      1098.109000        57.792190        59.992270        -0.042343
1643124171.0000    291209.400000       -66.578900    291986.300000       174.865000    298087.600000        54.191300      1068.856000       -61.285050      1152.817000       177.293800      1099.144000        54.679000        59.988560        -0.053787
1643124172.0000    291314.500000       -70.516030    292073.900000       170.926800    298203.000000        50.251880      1067.656000       -65.273480      1151.645000       173.318100      1098.250000        50.726940        59.988550         0.032043
1643124173.0000    291249.300000       -71.036620    292027.600000       170.409100    298151.400000        49.729140      1067.634000       -65.736300      1151.656000       172.827300      1098.129000        50.235950        59.988660         0.077362          *
1643124174.0000    291249.300000       -71.036620    292027.600000       170.409100    298151.400000        49.729140      1067.634000       -65.736300      1151.656000       172.827300      1098.129000        50.235950        59.988660         0.077362          *
1643124175.0000    291249.300000       -71.036620    292027.600000       170.409100    298151.400000        49.729140      1067.634000       -65.736300      1151.656000       172.827300      1098.129000        50.235950        59.988660         0.077362          *
1643124176.0000    291249.300000       -71.036620    292027.600000       170.409100    298151.400000        49.729140      1067.634000       -65.736300      1151.656000       172.827300      1098.129000        50.235950        59.988660         0.077362          *
1643124177.0000    291249.300000       -71.036620    292027.600000       170.409100    298151.400000        49.729140      1067.634000       -65.736300      1151.656000       172.827300      1098.129000        50.235950        59.988660         0.077362          *
1643124178.0000    291249.300000       -71.036620    292027.600000       170.409100    298151.400000        49.729140      1067.634000       -65.736300      1151.656000       172.827300      1098.129000        50.235950        59.988660         0.077362          *
1643124179.0000    291249.300000       -71.036620    292027.600000       170.409100    298151.400000        49.729140      1067.634000       -65.736300      1151.656000       172.827300      1098.129000        50.235950        59.988660         0.077362          *
