Terminal: LT 525  IVAIPORA ELS - IVAIPORA FUR C3
Tensão base: 525 kV
SOC inicial: 1643124120
SOC final: 1643124179
Taxa: 1 fasores/s
Total de frames faltantes: - 

Tempo_(SOC)           VA_mod_(V)     VA_ang_(graus)     VB_mod_(V)     VB_ang_(graus)     VC_mod_(V)     VC_ang_(graus)     IA_mod_(A)     IA_ang_(graus)     IB_mod_(A)     IB_ang_(graus)     IC_mod_(A)     IC_ang_(graus)     Frequência        Delta_Freq     Faltante
1643124120.0000    312955.700000      -105.753900    312630.600000       133.961400    311455.100000        14.057510       302.848800        92.229970       301.508300       -27.839710       308.888100      -146.699100        59.974110        -0.018082
1643124121.0000    312831.200000      -114.850300    312621.500000       124.883600    311453.500000         4.952068       303.840100        83.464900       302.923100       -36.841860       309.183500      -155.653000        59.973800        -0.046692
1643124122.0000    312835.600000      -124.292700    312464.600000       115.431500    311339.300000        -4.467639       302.863800        73.890920       301.673000       -45.923030       310.083400      -164.971900        59.973290         0.025177
1643124123.0000    312908.600000      -134.251300    312682.900000       105.482200    311514.100000       -14.447740       302.127900        63.991930       300.813100       -56.221530       307.863200      -174.907100        59.972080        -0.036392
1643124124.0000    312959.800000      -144.442800    312678.100000        95.285800    311531.200000       -24.632890       301.754000        53.802120       300.375900       -66.290940       307.910100       174.807700        59.971580         0.024490
1643124125.0000    312938.900000      -155.153400    312615.300000        84.560130    311419.200000       -35.345980       302.530200        42.906760       301.021200       -77.184610       308.221300       163.956700        59.970270         0.027924
1643124126.0000    312799.900000      -166.379300    312589.000000        73.340420    311372.500000       -46.585360       303.857000        31.993460       301.866800       -88.248070       308.876900       153.025100        59.967680        -0.033646
1643124127.0000    312935.600000      -177.975900    312613.700000        61.749810    311475.500000       -58.162540       304.959700        19.844050       302.702700      -100.103900       310.931400       141.056300        59.967720         0.002060
1643124128.0000    312979.600000       170.825000    312640.100000        50.557630    311532.000000       -69.357000       302.536300         9.036825       302.652000      -111.056100       308.844700       129.859000        59.968810         0.020828
1643124129.0000    312913.600000       159.307000    312656.600000        39.023590    311419.900000       -80.893570       305.449900        -2.675121       303.921700      -122.852400       310.562700       118.276700        59.968130         0.046463
1643124130.0000    313032.800000       147.980900    312786.900000        27.713820    311641.200000       -92.212510       303.357300       -13.869680       301.986400      -134.060400       308.834400       107.204900        59.969560         0.040970
1643124131.0000    312695.200000       136.375600    312476.100000        16.096010    311253.500000      -103.825100       303.520500       -25.213970       302.521100      -145.451000       308.914500        95.730800        59.965360        -0.068665
1643124132.0000    312730.700000       124.075100    312455.800000         3.786869    311224.500000      -116.128700       304.181800       -37.530650       302.488700      -157.682800       309.500100        83.532350        59.965350        -0.000916
1643124133.0000    312801.900000       111.142900    312545.200000        -9.141558    311337.100000      -129.059700       305.335400       -50.681770       304.200600      -170.744200       311.629700        70.417600        59.963130        -0.039597
1643124134.0000    312703.200000        97.598430    312468.500000       -22.692840    311221.600000      -142.612900       304.856800       -63.816850       303.160100       175.697900       309.479100        57.147580        59.961620         0.016479
1643124135.0000    312891.800000        83.317860    312604.400000       -36.967910    311403.400000      -156.876400       304.500100       -78.412920       302.810500       161.482300       310.289000        42.694570        59.959870         0.009842
1643124136.0000    312906.800000        68.855060    312626.600000       -51.429810    311423.900000      -171.341400       306.254400       -93.138540       304.082800       146.806000       312.025200        28.064680        59.958980        -0.063858
1643124137.0000    312887.500000        54.774720    312604.900000       -65.496880    311463.400000       174.585600       305.420400      -107.117000       304.292400       132.762700       310.959500        13.822990        59.962320         0.034103
1643124138.0000    313033.800000        41.338720    312738.800000       -78.930610    311622.700000       161.149600       304.885700      -120.736300       303.580100       119.215900       310.326400         0.307937        59.964320         0.020599
1643124139.0000    312890.200000        28.607210    312616.800000       -91.676310    311407.100000       148.407800       304.297800      -133.217800       303.339000       106.522100       309.966800       -12.281670        59.966340         0.072098
1643124140.0000    312875.400000        16.004260    312639.300000      -104.264200    311497.200000       135.809900       304.642200      -145.883900       303.579200        94.007870       310.179400       -24.777250        59.966320         0.039597
1643124141.0000    312905.600000         3.989809    312608.200000      -116.297900    311390.100000       123.793500       305.528700      -157.958200       303.127300        81.874720       310.424500       -36.851700        59.968190         0.025406
1643124142.0000    312881.100000        -7.776275    312615.000000      -128.053500    311419.600000       112.032500       305.104900      -169.762600       304.033400        70.018650       310.700600       -48.841890        59.967660         0.022888
1643124143.0000    313005.100000       -18.939210    312763.400000      -139.210700    311575.400000       100.868500       304.603800       178.853600       303.240400        58.866080       310.672300       -60.122780        59.968610        -0.038452
1643124144.0000    313004.400000       -29.432480    312730.300000      -149.714200    311525.900000        90.380180       304.480000       168.533200       302.340300        48.502770       309.868000       -70.334700        59.971910         0.038452
1643124145.0000    312892.300000       -39.577240    312615.500000      -159.851300    311427.300000        80.238510       304.789000       158.390700       303.676100        38.329680       311.006700       -80.476760        59.972750         0.021744
1643124146.0000    312843.300000       -49.236650    312560.200000      -169.503200    311399.800000        70.593330       304.132200       148.853700       302.754500        28.977030       310.642900       -89.964090        59.975320         0.097733
1643124147.0000    312948.500000       -58.786660    312699.400000      -179.069200    311462.800000        61.024930       304.632400       139.150100       302.933000        19.141000       310.697600       -99.760380        59.973330        -0.013046
1643124148.0000    312938.100000       -68.184180    312630.000000       171.528000    311385.400000        51.634200       303.160100       129.944200       301.078000         9.992943       309.675800      -108.889100        59.974010        -0.068436
1643124149.0000    312915.800000       -77.220310    312658.700000       162.494000    311405.500000        42.588260       303.474500       120.890400       301.714400         0.833178       308.912900      -117.957600        59.975860         0.002060
1643124150.0000    313051.000000       -85.748070    312771.700000       153.972400    311552.800000        34.071130       304.816200       112.118700       303.732700        -8.022674       310.790300      -126.869700        59.977470         0.024948
1643124151.0000    313024.100000       -93.273040    312802.400000       146.456000    311597.800000        26.541310       304.190500       104.555700       303.116000       -15.598860       310.330700      -134.491400        59.980910         0.038223
1643124152.0000    313086.300000      -100.240000    312866.900000       139.482800    311633.600000        19.568090       303.976600        97.550510       302.499200       -22.433360       309.720200      -141.359500        59.980290        -0.075760
1643124153.0000    312893.400000      -106.663100    312737.100000       133.062800    311474.300000        13.135640       302.940100        91.661920       302.612900       -28.555150       308.785100      -147.419000        59.982190        -0.003662
1643124154.0000    312966.300000      -112.502200    312748.500000       127.206600    311452.200000         7.301368       303.009900        85.546910       300.947400       -34.550010       308.090700      -153.325300        59.984470        -0.027008
1643124155.0000    313026.900000      -117.593600    312764.000000       122.129600    311547.600000         2.220575       303.613300        80.270710       302.275000       -39.727200       309.884000      -158.746300        59.987110         0.012589
1643124156.0000    313040.500000      -121.742200    312817.700000       117.988800    311609.900000        -1.934897       300.374300        76.253940       299.192100       -43.787020       306.549000      -162.737900        59.988660        -0.004578
1643124157.0000    313052.700000      -125.676700    312773.100000       114.053400    311615.800000        -5.863651       300.957600        72.384230       300.003800       -47.605660       307.168900      -166.600300        59.989970         0.028610
1643124158.0000    313077.700000      -129.097200    312765.800000       110.629500    311615.400000        -9.283895       302.248900        68.841720       301.095700       -51.222420       308.476100      -170.143800        59.992670         0.010757
1643124159.0000    312968.800000      -131.490200    312735.100000       108.242100    311567.100000       -11.683980       301.147700        66.484440       300.112900       -53.702260       306.946400      -172.547600        59.993470        -0.007095
1643124160.0000    313082.400000      -133.267600    312778.000000       106.454000    311605.000000       -13.458930       302.117600        64.445110       300.663300       -55.512700       308.284600      -174.428300        59.996570        -0.002289
1643124161.0000    312975.400000      -134.185200    312676.300000       105.546600    311539.900000       -14.372700       300.199100        63.920190       299.188300       -56.162330       306.334900      -175.053300        59.997740        -0.017853
1643124162.0000    312913.900000      -134.743900    312655.900000       104.978800    311466.500000       -14.942670       301.554300        63.207330       300.315900       -56.940750       307.438100      -175.756900        59.998100        -0.075989
1643124163.0000    312792.400000      -134.843200    312460.600000       104.879000    311293.100000       -15.030240       300.927900        63.329060       299.490100       -56.723270       306.633900      -175.534100        60.000330         0.021286
1643124164.0000    312913.800000      -134.833000    312589.200000       104.881400    311411.300000       -15.031490       301.091200        63.201480       299.659800       -56.858690       307.014700      -175.703400        60.000530        -0.014648
1643124165.0000    312888.700000      -134.834700    312607.800000       104.883600    311428.800000       -15.032890       301.235300        63.484290       299.586200       -56.562010       307.293800      -175.522600        59.999280        -0.000916
1643124166.0000    312785.300000      -135.244900    312424.700000       104.488600    311354.400000       -15.428870       301.310500        63.046300       300.141000       -57.049920       307.196000      -175.949600        59.997260        -0.036392
1643124167.0000    312788.300000      -136.231600    312519.600000       103.479700    311310.600000       -16.440040       302.128200        62.058870       300.524200       -58.112030       307.708000      -176.944200        59.997860         0.029755
1643124168.0000    312878.500000      -137.374300    312613.600000       102.336000    311389.100000       -17.582390       300.809900        60.694520       299.253300       -59.250470       306.635900      -178.252800        59.995740        -0.035019
1643124169.0000    312782.100000      -139.335100    312516.700000       100.393800    311392.000000       -19.536340       302.308500        58.782150       300.444500       -61.303570       307.621900       179.990200        59.994020         0.012589
1643124170.0000    312786.100000      -141.856800    312477.900000        97.867630    311345.100000       -22.049240       301.081900        56.492770       299.800200       -63.595470       306.876500       177.613600        59.991160        -0.024490
1643124171.0000    312761.500000      -145.086500    312462.600000        94.631060    311284.800000       -25.292120       302.425400        53.571830       300.935200       -66.768880       307.563800       174.547700        59.989440        -0.026321
1643124172.0000    312808.300000      -149.014700    312448.100000        90.703680    311291.900000       -29.211460       302.413700        49.257320       301.071900       -70.867940       307.873800       170.349000        59.988540         0.030899
1643124173.0000    312730.500000      -153.784300    312474.800000        85.942270    311332.500000       -33.985940       301.587400        44.935590       299.953700       -75.373280       306.284800       165.882200        59.985360        -0.017395
1643124174.0000    312684.700000      -159.704600    312397.500000        80.014140    311198.100000       -39.899390       301.633200        38.922490       300.979900       -81.195250       307.614200       159.917100        59.982570         0.015564
1643124175.0000    312745.200000      -166.312200    312485.700000        73.411520    311295.100000       -46.509850       302.037900        32.263780       300.598100       -87.913540       307.749600       153.284400        59.979970        -0.031357
1643124176.0000    312679.400000      -173.803100    312433.800000        65.931310    311287.500000       -53.996810       302.383400        24.791900       301.057300       -95.342160       307.952700       145.796700        59.977120        -0.084686
1643124177.0000    312885.400000       178.443600    312560.300000        58.159870    311382.000000       -61.746220       302.673500        16.533010       300.637600      -103.486900       308.189900       137.745600        59.978600        -0.033417
1643124178.0000    312758.100000       170.442500    312428.500000        50.170230    311297.000000       -69.746030       302.010500         8.816264       301.181800      -111.238900       308.110800       129.817200        59.977750         0.046692
1643124179.0000    312718.700000       161.659500    312494.600000        41.384750    311283.300000       -78.543410       303.590900         0.126182       302.184500      -120.090000       308.790100       121.080500        59.975790         0.052185
