Terminal: LT 500  ANGRA FUR - C. PAULISTA C1
Tensão base: 500 kV
SOC inicial: 1643124120
SOC final: 1643124179
Taxa: 1 fasores/s
Total de frames faltantes: - 

Tempo_(SOC)           VA_mod_(V)     VA_ang_(graus)     VB_mod_(V)     VB_ang_(graus)     VC_mod_(V)     VC_ang_(graus)     IA_mod_(A)     IA_ang_(graus)     IB_mod_(A)     IB_ang_(graus)     IC_mod_(A)     IC_ang_(graus)     Frequência        Delta_Freq     Faltante
1643124120.0000    304255.000000        30.766310    305669.300000       150.482500    306396.500000       -89.296170       971.929200        41.002270      1012.307000       162.188900       981.071000       -76.015220        59.973220         0.099365
1643124121.0000    304245.000000        21.662810    305639.200000       141.434300    306112.500000       -98.373760       973.928300        31.680120      1008.660000       152.915300       978.831200       -85.597880        59.973410        -0.202004
1643124122.0000    304188.300000        12.226170    305362.700000       131.921700    306297.400000      -107.884100       967.723100        22.280910      1010.619000       143.295900       980.901000       -94.711450        59.972620        -0.407433
1643124123.0000    304539.600000         2.140752    305925.200000       121.892700    306487.300000      -117.908800       969.499400        12.337590      1006.328000       133.584300       975.741800      -104.846800        59.972600        -0.236756
1643124124.0000    304451.800000        -8.039758    305835.300000       111.697800    306479.300000      -128.096100       970.963100         2.363945      1009.135000       123.523900       979.065700      -114.790200        59.971130        -0.082470
1643124125.0000    304446.200000       -18.739850    305860.200000       100.980800    306556.200000      -138.800500       968.507400        -8.372200      1008.883000       112.849300       976.750300      -125.402200        59.972790         0.077597
1643124126.0000    304084.100000       -29.909900    305632.100000        89.842850    306115.800000      -149.929900       974.805100       -19.830910      1011.043000       101.547500       978.315700      -136.952500        59.967290         0.108459
1643124127.0000    304448.800000       -41.451460    305839.100000        78.257930    306607.600000      -161.522500       970.686300       -31.323290      1012.531000        89.912420       979.662000      -148.272800        59.967620        -0.088821
1643124128.0000    304347.600000       -52.729930    305600.900000        67.020650    306241.200000      -172.800200       970.734600       -42.459240      1007.844000        78.620360       979.867600      -159.686100        59.968830        -0.172011
1643124129.0000    304380.500000       -64.188450    305882.100000        55.558020    306425.400000       175.779600       973.256400       -53.950050      1010.251000        67.357960       978.342000      -171.077400        59.968280        -0.062226
1643124130.0000    304370.800000       -75.601300    305844.000000        44.158210    306333.200000       164.368400       971.099500       -65.299030      1008.102000        55.998890       976.851900       177.524000        59.971870         0.168538
1643124131.0000    304073.900000       -87.160970    305593.300000        32.599040    306051.300000       152.814800       974.081400       -77.129710      1011.208000        44.203010       979.078200       165.742100        59.965860        -0.131709
1643124132.0000    304226.800000       -99.445720    305752.200000        20.296080    306294.200000       140.522800       972.020900       -89.593900      1011.535000        31.761850       977.600400       153.412200        59.964210        -0.147705
1643124133.0000    304258.200000      -112.301600    305630.600000         7.451993    306194.900000       127.648500       973.804100      -102.224200      1012.101000        18.963250       981.656300       140.641900        59.963620         0.105609
1643124134.0000    304080.800000      -125.899300    305712.700000        -6.139962    306130.600000       114.096700       977.440400      -116.048800      1014.093000         5.451147       979.492100       126.900900        59.961860         0.075095
1643124135.0000    304337.600000      -140.156500    305827.400000       -20.418710    306409.300000        99.802830       974.843800      -130.120600      1014.741000        -8.788575       981.632100       112.882300        59.959580         0.203048
1643124136.0000    304331.900000      -154.573700    305866.400000       -34.844690    306472.600000        85.389190       975.098100      -144.461700      1015.896000       -23.129700       982.304000        98.602610        59.960290        -0.191280
1643124137.0000    304304.000000      -168.664900    305745.600000       -48.904730    306254.300000        71.299290       976.156200      -158.542400      1012.335000       -37.313320       981.802500        84.239000        59.961930        -0.002341
1643124138.0000    304606.000000       177.872500    306016.000000       -62.381590    306612.700000        57.824170       972.742400      -171.855000      1011.369000       -50.641540       980.287000        71.026840        59.964470         0.025716
1643124139.0000    304205.100000       165.141000    305714.400000       -75.100300    306196.500000        45.116120       977.028900       175.193100      1013.506000       -63.461170       981.321600        58.074310        59.967890         0.293769
1643124140.0000    304443.100000       152.536400    305891.600000       -87.707410    306404.800000        32.499090       974.211400       162.591500      1010.737000       -76.141510       979.745800        45.388160        59.967210         0.245343
1643124141.0000    304177.400000       140.521900    305732.000000       -99.734790    306255.800000        20.495470       973.419700       150.436500      1012.629000       -88.163150       978.650500        33.458160        59.965850        -0.270916
1643124142.0000    304413.100000       128.752600    305881.600000      -111.483800    306365.500000         8.721519       974.685700       138.914900      1011.048000       -99.816880       980.481200        21.736730        59.967030        -0.060195
1643124143.0000    304446.900000       117.572700    305821.500000      -122.667200    306368.800000        -2.474763       973.619100       127.961500      1011.219000      -110.875900       981.697800        10.758600        59.969350         0.029167
1643124144.0000    304298.400000       107.092300    305722.700000      -133.169100    306332.900000       -12.956690       975.429300       117.394600      1014.783000      -121.421900       983.472700         0.279094        59.971290         0.100470
1643124145.0000    304356.600000        97.003370    305754.400000      -143.248900    306338.100000       -23.045140       975.198700       107.104200      1013.414000      -131.678500       982.968900       -10.034730        59.973030         0.161757
1643124146.0000    304288.600000        87.383120    305602.300000      -152.897900    306351.000000       -32.692960       974.578000        97.434640      1015.641000      -141.412800       984.449500       -19.602040        59.974500         0.107692
1643124147.0000    304510.400000        77.775250    305866.400000      -162.489600    306528.700000       -42.288050       973.247400        88.045230      1012.536000      -150.801400       982.160900       -29.056220        59.974250         0.204744
1643124148.0000    304390.700000        68.394680    305734.900000      -171.905500    306563.100000       -51.686530       972.995500        78.488680      1015.737000      -160.357900       983.756300       -38.425980        59.976100         0.006751
1643124149.0000    304251.000000        59.342740    305710.800000       179.076700    306329.100000       -60.703040       975.201400        69.489880      1015.287000      -169.257700       982.693200       -47.537490        59.976720         0.284324
1643124150.0000    304569.700000        50.868140    305928.600000       170.607700    306571.600000       -69.191380       974.981100        61.263990      1014.651000      -177.583200       984.179900       -55.842370        59.979680         0.202567
1643124151.0000    304548.200000        43.272940    305887.900000       163.031300    306453.900000       -76.780880       974.764200        53.745010      1011.145000       174.844200       982.613000       -63.537270        59.980940         0.025227
1643124152.0000    304596.300000        36.292910    306018.600000       156.037600    306606.500000       -83.751970       973.412400        46.779400      1012.364000       167.969300       981.035800       -70.325530        59.981770        -0.000099
1643124153.0000    304320.300000        29.854480    305768.800000       149.630800    306192.200000       -90.172060       976.696800        40.033230      1011.906000       161.275300       981.798000       -77.217800        59.981510        -0.103649
1643124154.0000    304401.600000        24.005410    305908.400000       143.742200    306488.800000       -96.030830       973.517400        34.112170      1013.397000       155.417700       980.245400       -82.884740        59.982480        -0.435923
1643124155.0000    304490.100000        18.957370    305810.100000       138.694500    306479.700000      -101.110400       971.327000        28.967800      1010.502000       150.129800       980.093900       -88.131890        59.987910         0.071474
1643124156.0000    304409.300000        14.673620    305764.900000       134.428700    306336.100000      -105.378100       973.998200        25.128880      1012.000000       146.299800       981.822900       -92.036220        59.987250        -0.053927
1643124157.0000    304571.000000        10.761950    305930.300000       130.505400    306559.800000      -109.297000       971.866700        21.192060      1010.389000       142.344900       980.288200       -95.967250        59.989800         0.208897
1643124158.0000    304465.700000         7.425218    305838.700000       127.175200    306430.800000      -112.627100       975.087100        17.790670      1013.197000       138.936200       983.176200       -99.382290        59.990890        -0.103422
1643124159.0000    304472.900000         4.949386    305923.300000       124.716300    306396.900000      -115.082600       973.788600        15.276280      1010.509000       136.478400       980.669300      -101.938800        59.994450         0.119000
1643124160.0000    304559.800000         3.235344    305918.200000       122.976300    306563.300000      -116.824500       973.901400        13.583710      1012.755000       134.759400       981.916500      -103.523800        59.995480        -0.111991
1643124161.0000    304373.700000         2.283810    305707.400000       122.025400    306350.000000      -117.778800       974.428200        12.578070      1012.842000       133.738100       982.720800      -104.583100        59.997340        -0.118978
1643124162.0000    304469.600000         1.730518    305927.500000       121.482900    306464.300000      -118.306700       974.220800        12.006010      1012.257000       133.262500       980.753700      -105.116200        59.999040        -0.167937
1643124163.0000    304179.300000         1.666618    305581.300000       121.395800    306251.000000      -118.391200       973.680500        11.729630      1014.038000       132.957400       981.758200      -105.282400        59.998960        -0.101760
1643124164.0000    304439.100000         1.663511    305843.200000       121.397100    306488.000000      -118.391500       974.423800        11.767680      1013.898000       132.984600       982.340400      -105.303200        59.999300        -0.012293
1643124165.0000    304241.300000         1.656452    305592.200000       121.394200    306253.200000      -118.406600       976.256700        11.861510      1015.084000       133.002900       984.591800      -105.261200        59.996290         0.089588
1643124166.0000    304286.800000         1.288944    305557.800000       121.036900    306208.600000      -118.780100       974.359700        11.373050      1012.536000       132.459300       983.266400      -105.850400        59.997260         0.190733
1643124167.0000    304214.500000         0.300952    305744.700000       120.042200    306293.300000      -119.728000       975.020100        10.224410      1013.554000       131.574900       980.279400      -106.806700        60.000190         0.151671
1643124168.0000    304402.000000        -0.916039    305879.200000       118.820200    306465.400000      -120.957500       974.591400         9.366611      1014.206000       130.661300       981.286700      -107.648700        59.996700        -0.002378
1643124169.0000    304283.300000        -2.847798    305757.100000       116.909700    306258.800000      -122.878000       976.263300         7.482221      1014.003000       128.783600       981.827700      -109.638000        59.993670         0.191345
1643124170.0000    304037.000000        -5.363922    305515.800000       114.371300    306113.400000      -125.405400       977.368700         4.602244      1016.543000       125.866500       984.124100      -112.476200        59.990340         0.137322
1643124171.0000    303920.800000        -8.595098    305594.200000       111.176200    305931.700000      -128.588600       977.641500         1.080280      1014.062000       122.535200       980.039900      -116.012000        59.989570        -0.253794
1643124172.0000    304128.000000       -12.519250    305683.700000       107.231400    306173.300000      -132.541200       975.854500        -2.585018      1014.175000       118.734600       981.323500      -119.675600        59.985990        -0.025524
1643124173.0000    304081.600000       -17.318100    305624.600000       102.465300    305969.300000      -137.325100       978.020500        -7.385978      1012.513000       113.937600       981.598200      -124.654200        59.984220        -0.117755
1643124174.0000    304170.500000       -23.143400    305545.100000        96.611720    306104.400000      -143.191700       976.414100       -13.255690      1015.122000       107.975700       984.117700      -130.351800        59.981240        -0.102761
1643124175.0000    304028.000000       -29.766600    305511.400000        89.978500    306060.700000      -149.803900       976.656900       -19.848620      1015.378000       101.427900       983.192700      -136.936500        59.978270        -0.265011
1643124176.0000    304246.900000       -37.248910    305640.200000        82.521950    306119.300000      -157.286100       976.385500       -27.113950      1013.398000        94.042610       983.656000      -144.372700        59.977430        -0.278436
1643124177.0000    304276.800000       -45.000010    305798.300000        74.722320    306441.500000      -165.041600       975.880500       -34.809860      1017.355000        86.536100       983.033100      -151.713700        59.978600        -0.225410
1643124178.0000    304194.600000       -52.961830    305516.200000        66.791730    306112.800000      -173.020200       978.963400       -42.832850      1016.800000        78.307900       987.167200      -160.013500        59.980110         0.413103
1643124179.0000    304323.800000       -61.771280    305799.900000        57.992740    306266.600000       178.200300       977.892300       -51.712420      1014.379000        69.574110       983.156300      -168.917100        59.975270         0.245189
