Terminal: LT 500  C. PAULISTA - B. FLUMINENSE C1
Tensão base: 500 kV
SOC inicial: 1643124120
SOC final: 1643124179
Taxa: 1 fasores/s
Total de frames faltantes: - 

Tempo_(SOC)           VA_mod_(V)     VA_ang_(graus)     VB_mod_(V)     VB_ang_(graus)     VC_mod_(V)     VC_ang_(graus)     IA_mod_(A)     IA_ang_(graus)     IB_mod_(A)     IB_ang_(graus)     IC_mod_(A)     IC_ang_(graus)     Frequência        Delta_Freq     Faltante
1643124120.0000    308071.700000        23.966910    309595.100000       143.629800    311086.800000       -95.980420       527.644400      -171.154100       523.477600       -47.343040       532.396400        72.859150        59.972880         0.139736
1643124121.0000    307934.800000        14.841880    309382.700000       134.598700    310481.900000      -105.068500       529.467700       179.625100       521.805500       -56.724600       533.450600        63.175880        59.972150        -0.133666
1643124122.0000    307864.200000         5.451396    309077.000000       125.065900    310941.600000      -114.570300       524.166700       169.944300       522.681300       -66.281800       530.651400        54.213260        59.971250        -0.606670
1643124123.0000    308301.500000        -4.638349    309770.400000       115.087700    310999.300000      -124.559800       525.473700       160.237100       518.860300       -76.060110       529.556800        43.956050        59.971730        -0.377541
1643124124.0000    308357.300000       -14.822350    309801.800000       104.875900    311182.300000      -134.762000       523.855400       150.279800       518.685400       -86.076270       529.209500        34.117900        59.972800         0.048644
1643124125.0000    308312.200000       -25.506730    309856.400000        94.165470    311291.800000      -145.445700       523.895800       139.414500       519.236900       -96.707600       527.425700        23.417360        59.972080        -0.250216
1643124126.0000    307817.100000       -36.735700    309544.900000        83.003010    310588.100000      -156.611200       528.867100       128.262500       521.074800      -107.928700       531.037300        11.884270        59.967330         0.136589
1643124127.0000    308187.400000       -48.240390    309730.500000        71.408810    311267.600000      -168.192100       527.156900       116.505800       523.730000      -119.570100       530.934700         0.667455        59.967210         0.023470
1643124128.0000    308172.300000       -59.516760    309414.300000        60.193190    310818.400000      -179.484300       526.020800       105.362800       521.117700      -131.097700       532.491000       -10.835150        59.967240        -0.393124
1643124129.0000    308198.100000       -70.993800    309856.800000        48.729430    311004.200000       169.109000       527.935000        94.007890       521.062900      -142.183900       530.857100       -22.243210        59.967760        -0.118830
1643124130.0000    308227.900000       -82.389730    309803.200000        37.348750    310916.500000       157.712100       526.013400        82.638080       519.305700      -153.629200       529.826500       -33.646520        59.971310        -0.005247
1643124131.0000    307788.500000       -93.987060    309429.100000        25.753510    310506.500000       146.124500       528.557500        70.920710       522.078000      -165.289600       531.926000       -45.343180        59.962970        -0.306418
1643124132.0000    307811.400000      -106.257500    309524.700000        13.448040    310725.900000       133.847300       528.845800        58.481510       523.324900      -177.614300       531.531200       -57.586920        59.963760        -0.362488
1643124133.0000    307986.100000      -119.119700    309441.400000         0.597621    310709.700000       120.950900       528.487700        45.808420       523.658400       169.553200       532.909000       -70.311640        59.962500        -0.087379
1643124134.0000    307692.700000      -132.744800    309568.100000       -12.999830    310513.800000       107.405400       532.355300        32.134540       523.599500       156.110200       533.197600       -84.186420        59.961060        -0.029737
1643124135.0000    308077.700000      -146.979100    309719.800000       -27.280690    310989.200000        93.110060       530.311600        18.060960       524.807800       141.958400       533.414300       -97.972210        59.961040         0.241993
1643124136.0000    308104.600000      -161.396100    309842.500000       -41.713580    311132.400000        78.698230       531.201700         3.564520       526.374900       127.527400       533.791300      -112.393500        59.958810        -0.387007
1643124137.0000    308076.800000      -175.494500    309601.000000       -55.755130    310743.000000        64.594030       531.247900       -10.397250       524.298800       113.231300       535.660000      -126.782400        59.962230         0.093611
1643124138.0000    308455.300000       171.078600    309959.300000       -69.214520    311248.200000        51.149460       529.057300       -23.867280       523.382300        99.848660       533.127700      -140.007400        59.966340        -0.122503
1643124139.0000    307967.400000       158.302000    309627.900000       -81.960260    310697.700000        38.414680       532.368000       -36.873120       524.716700        86.915840       534.795300      -153.193400        59.969140         0.293866
1643124140.0000    308155.800000       145.723000    309704.500000       -94.542210    310847.400000        25.816680       530.744200       -49.409310       523.450900        74.264920       534.585000      -165.737400        59.967700         0.134000
1643124141.0000    307808.800000       133.702400    309588.700000      -106.589400    310736.800000        13.816190       530.707600       -61.755760       524.778200        62.242220       532.377200      -177.863100        59.964510        -0.436254
1643124142.0000    308214.000000       121.933700    309763.300000      -118.325600    310892.200000         2.029966       529.617800       -73.201960       522.885100        50.505520       533.271100       170.524400        59.966550         0.023191
1643124143.0000    308384.500000       110.771500    309787.300000      -129.502700    311043.900000        -9.164315       527.653900       -84.193920       522.438400        39.451450       532.590500       159.632200        59.968830        -0.055034
1643124144.0000    308189.900000       100.271100    309708.600000      -140.030800    311040.300000       -19.660180       527.899300       -94.879610       523.034900        28.893460       532.410700       149.069800        59.971870         0.134561
1643124145.0000    308122.900000        90.178510    309600.900000      -150.111800    310888.600000       -29.753830       530.827600      -104.983300       525.277700        18.745390       535.161600       138.878200        59.973630         0.392416
1643124146.0000    308014.300000        80.561020    309428.600000      -159.775500    310961.500000       -39.405940       531.359500      -114.713000       527.285900         9.041696       535.788000       129.304200        59.975380         0.091936
1643124147.0000    308353.300000        70.973680    309782.900000      -169.339200    311199.400000       -48.977000       528.960800      -124.077600       524.681200        -0.316530       533.794400       119.913900        59.973210         0.140907
1643124148.0000    308116.800000        61.585610    309595.900000      -178.783700    311245.600000       -58.384880       530.074000      -133.770000       527.776800        -9.846947       534.742800       110.454400        59.974870        -0.177246
1643124149.0000    308061.300000        52.519490    309651.200000       172.208100    310985.300000       -67.403550       531.620000      -142.493700       526.809800       -18.647090       535.375000       101.447600        59.977090         0.275064
1643124150.0000    308518.100000        44.061280    309938.700000       163.754200    311337.100000       -75.887310       529.984300      -150.778100       525.894500       -27.081730       535.263900        93.146180        59.979530         0.149575
1643124151.0000    308543.300000        36.464350    309879.100000       156.195200    311142.300000       -83.477560       528.717500      -158.337700       522.557700       -34.835620       534.734600        85.346800        59.980400        -0.060262
1643124152.0000    308582.000000        29.497400    310089.700000       149.202200    311398.200000       -90.428520       527.358000      -165.370100       522.532200       -41.603090       531.831200        78.554270        59.981080        -0.120356
1643124153.0000    308139.600000        23.019850    309642.000000       142.783600    310679.300000       -96.878810       531.635200      -171.962000       524.252900       -48.361050       536.194000        71.624920        59.981270        -0.098753
1643124154.0000    308158.400000        17.189190    309835.800000       136.884900    311097.300000      -102.717700       531.205600      -178.006700       525.838000       -54.106280       534.219600        65.956150        59.979580        -0.368632
1643124155.0000    308192.500000        12.160300    309551.500000       131.850100    310991.200000      -107.797100       529.724200       176.937200       525.364200       -59.323400       535.032200        60.832570        59.989030         0.074334
1643124156.0000    308388.000000         7.868125    309790.300000       127.586400    311085.800000      -112.070700       527.478600       172.872600       521.988800       -63.398550       532.056300        56.709010        59.988600         0.222441
1643124157.0000    308522.200000         3.971727    309927.800000       123.675200    311285.300000      -115.973500       527.297700       169.036400       522.164400       -67.283200       532.032700        52.890640        59.990730         0.314405
1643124158.0000    308397.300000         0.612700    309813.500000       120.326000    311132.800000      -119.326700       530.535000       165.655700       525.775000       -70.665090       535.665200        49.478340        59.990220        -0.189989
1643124159.0000    308367.300000        -1.855835    309863.600000       117.884200    311009.600000      -121.768200       528.975700       163.158200       522.924600       -73.211070       534.272100        46.899090        59.994030         0.122901
1643124160.0000    308466.300000        -3.565102    309899.000000       116.130700    311277.700000      -123.511200       529.931500       161.434400       524.769900       -74.822300       534.207800        45.303420        59.995920        -0.184274
1643124161.0000    308252.000000        -4.533336    309647.200000       115.170900    311018.000000      -124.480800       529.904500       160.355200       524.405300       -75.958470       534.616500        44.193330        59.996940        -0.206690
1643124162.0000    308340.200000        -5.083848    309907.300000       114.636600    311112.200000      -124.996300       529.217500       159.895900       523.516600       -76.324630       533.111800        43.696800        59.998740        -0.086805
1643124163.0000    307917.200000        -5.156923    309452.000000       114.523100    310864.500000      -125.094000       530.541400       159.682400       526.198300       -76.480620       534.493300        43.671030        59.999780        -0.113250
1643124164.0000    308190.200000        -5.158930    309711.500000       114.531100    311075.100000      -125.093300       530.464800       159.790300       525.357700       -76.421030       534.705300        43.683690        59.999740         0.100941
1643124165.0000    308091.100000        -5.177837    309515.600000       114.517500    310906.200000      -125.125600       530.486500       159.759800       525.907400       -76.460250       535.553300        43.706560        59.997100         0.168424
1643124166.0000    308023.000000        -5.536893    309309.200000       114.171200    310714.500000      -125.500100       530.680600       159.519700       526.017800       -76.860390       536.594200        43.377940        59.997160         0.162508
1643124167.0000    307847.700000        -6.532656    309588.100000       113.179400    310742.700000      -126.423200       532.755200       158.344700       526.192900       -77.763530       535.317000        42.222160        59.997220        -0.168260
1643124168.0000    308280.600000        -7.732094    309906.700000       111.965200    311187.900000      -127.643500       528.931900       157.399500       523.869500       -78.697930       532.148700        41.379510        59.995760        -0.169094
1643124169.0000    308194.800000        -9.671200    309795.800000       110.055700    310965.000000      -129.573200       528.391300       155.715400       522.612500       -80.481860       531.904200        39.566340        59.996860         0.267437
1643124170.0000    307739.100000       -12.217760    309356.700000       107.482200    310630.400000      -132.130600       530.806300       152.803000       525.114400       -83.403100       534.807100        36.635810        59.989610         0.198108
1643124171.0000    307453.800000       -15.465280    309329.700000       104.300100    310174.100000      -135.304100       532.447200       149.588800       524.847700       -86.593860       534.878200        33.193600        59.988920        -0.178948
1643124172.0000    307786.700000       -19.360770    309508.900000       100.361900    310624.300000      -139.243900       529.943100       145.765700       524.358100       -90.415570       533.563700        29.609420        59.986050        -0.138987
1643124173.0000    307758.800000       -24.176170    309409.700000        95.603290    310302.300000      -144.043900       531.156800       141.006000       523.178000       -95.358830       535.230400        24.518790        59.983510        -0.046364
1643124174.0000    307825.400000       -29.992360    309282.600000        89.723140    310569.600000      -149.923500       531.444800       135.111200       526.699700      -101.118400       535.848300        19.032100        59.981720         0.062473
1643124175.0000    307700.600000       -36.615250    309319.500000        83.094890    310536.200000      -156.524500       532.292700       128.356900       526.614300      -107.829000       535.814600        12.223920        59.976650        -0.271895
1643124176.0000    308030.500000       -44.080140    309462.700000        75.665010    310628.700000      -164.000400       530.399200       121.195300       524.775900      -115.199000       535.997600         4.983400        59.976040        -0.517253
1643124177.0000    308095.200000       -51.829320    309838.800000        67.843480    311179.700000      -171.737800       530.174600       113.302900       525.526600      -122.680200       532.766500        -2.610887        59.979220        -0.269159
1643124178.0000    308015.100000       -59.814080    309385.500000        59.899170    310716.100000      -179.762200       531.611000       105.435400       526.711800      -130.899300       536.998500       -10.692590        59.980840         0.469457
1643124179.0000    308081.300000       -68.615280    309668.800000        51.126190    310762.100000       171.486500       532.218700        96.669670       525.187900      -139.607400       535.971700       -19.665150        59.976910         0.381311
