Terminal: LT 500  P. AFONSO IV_SE - US. L.GONZAGA CC2
Tensão base: 500 kV
SOC inicial: 1643124120
SOC final: 1643124179
Taxa: 1 fasores/s
Total de frames faltantes: - 

Tempo_(SOC)           VA_mod_(V)     VA_ang_(graus)     VB_mod_(V)     VB_ang_(graus)     VC_mod_(V)     VC_ang_(graus)     IA_mod_(A)     IA_ang_(graus)     IB_mod_(A)     IB_ang_(graus)     IC_mod_(A)     IC_ang_(graus)     Frequência        Delta_Freq     Faltante
1643124120.0000    312924.300000       -16.239100    313766.600000      -136.466100    311924.600000       103.604400       441.364500         6.024390       442.504300      -112.031000       444.167500       125.645600        59.975800         0.020599
1643124121.0000    312821.300000       -25.213770    313700.600000      -145.437900    311861.400000        94.624890       440.798700        -3.051456       442.696100      -121.150500       444.097500       116.636000        59.973000        -0.024948
1643124122.0000    312757.200000       -34.637050    313647.000000      -154.861000    311801.000000        85.201140       440.870700       -12.247370       443.296800      -130.442000       445.060600       107.106400        59.973670         0.002060
1643124123.0000    312768.800000       -44.608140    313616.500000      -164.838600    311755.300000        75.234700       441.575800       -22.499360       444.184700      -140.592700       446.084800        97.179830        59.971120         0.005722
1643124124.0000    312829.100000       -54.974240    313687.500000      -175.199100    311846.000000        64.869090       442.084200       -32.854060       443.328500      -150.810000       446.270800        86.757010        59.971530        -0.004807
1643124125.0000    312820.400000       -65.616960    313689.000000       174.157100    311834.700000        54.223340       441.924900       -43.486630       444.195000      -161.464200       445.866700        76.247760        59.971750         0.046692
1643124126.0000    312796.900000       -76.767460    313662.000000       163.003200    311799.100000        43.072030       441.134700       -54.629570       443.572200      -172.657000       445.091200        64.940870        59.968460        -0.014420
1643124127.0000    312740.800000       -88.301270    313623.600000       151.473300    311764.000000        31.536530       441.926000       -66.161510       444.172700       175.782100       446.751600        53.375620        59.966310        -0.029297
1643124128.0000    312903.800000       -99.802350    313747.000000       139.974200    311919.300000        20.042240       443.441700       -77.461890       445.524800       164.276700       448.505100        42.085770        59.969950         0.027008
1643124129.0000    312863.700000      -110.909400    313704.200000       128.860300    311859.400000         8.932168       441.891300       -88.795360       442.369300       153.157000       445.679100        30.689980        59.968720        -0.016479
1643124130.0000    312827.800000      -122.418300    313703.100000       117.357600    311866.800000        -2.580191       441.799600      -100.223400       443.002400       141.689200       445.138400        19.387220        59.966840        -0.031128
1643124131.0000    312754.500000      -133.894300    313628.600000       105.878200    311782.100000       -14.057180       444.329300      -111.759500       445.431800       130.067500       448.492500         7.883302        59.967500        -0.058136
1643124132.0000    312835.700000      -145.952500    313655.400000        93.820850    311840.400000       -26.107090       441.193100      -123.711900       443.634500       118.010600       445.448100        -4.163413        59.965400         0.026093
1643124133.0000    312774.300000      -159.101000    313590.300000        80.674450    311792.000000       -39.253060       440.372900      -137.058400       442.425500       104.964200       444.526200       -17.376920        59.961770         0.008240
1643124134.0000    312768.800000      -172.733400    313615.600000        67.044190    311788.700000       -52.887740       444.019800      -150.562800       445.470100        91.380400       447.384100       -31.069780        59.961880        -0.001373
1643124135.0000    312797.400000       173.121200    313612.000000        52.894730    311797.600000       -67.031620       441.090000      -164.641400       443.078200        77.136190       445.568100       -45.094790        59.959370        -0.027695
1643124136.0000    312886.500000       158.479200    313714.900000        38.247340    311860.600000       -81.676620       440.188900      -179.443400       442.469700        62.523860       444.931600       -59.850170        59.959620        -0.001831
1643124137.0000    312859.100000       144.701300    313740.500000        24.472850    311865.300000       -95.466070       443.184900       166.801100       444.847000        48.782620       448.718500       -73.554980        59.962190        -0.016479
1643124138.0000    312955.400000       131.458000    313766.500000        11.231060    311951.300000      -108.696000       442.177100       153.691000       444.677500        35.590450       446.299300       -86.684720        59.963840        -0.006180
1643124139.0000    312942.300000       118.492500    313778.100000        -1.734730    311963.800000      -121.661700       439.640400       140.567800       442.670200        22.647700       443.922900       -99.732310        59.964860         0.025864
1643124140.0000    312867.300000       106.161500    313724.300000       -14.062780    311905.200000      -133.997000       441.635700       128.285000       443.080400        10.222750       445.640100      -112.098100        59.965270        -0.009842
1643124141.0000    312896.600000        94.004720    313771.300000       -26.224920    311906.800000      -146.157100       441.340900       116.098800       443.497200        -1.913496       445.334000      -124.281600        59.967120        -0.030899
1643124142.0000    312885.800000        82.409130    313783.400000       -37.821040    311919.300000      -157.754300       441.181200       104.590800       443.608600       -13.492700       446.871600      -135.789400        59.967620         0.008240
1643124143.0000    312925.600000        71.157420    313781.200000       -49.070520    311949.200000      -169.001800       440.630900        93.334270       443.003000       -24.856810       445.191600      -147.142800        59.969750         0.002518
1643124144.0000    312885.300000        60.590930    313750.500000       -59.629360    311953.000000      -179.566900       440.999400        82.759410       443.783200       -35.355760       445.853700      -157.709100        59.971540         0.010757
1643124145.0000    312847.300000        50.699850    313716.600000       -69.527960    311873.100000       170.540500       442.018400        72.838360       443.005900       -45.297700       446.194800      -167.602300        59.972050        -0.037308
1643124146.0000    312848.800000        41.048890    313716.300000       -79.178590    311877.800000       160.887800       442.068100        63.160780       444.670800       -54.903410       446.881200      -177.108300        59.973130        -0.025864
1643124147.0000    312867.600000        31.561500    313697.800000       -88.664670    311871.000000       151.408600       441.615000        53.753180       444.092300       -64.394740       445.619300       173.331900        59.973550         0.009384
1643124148.0000    312823.000000        22.033740    313683.900000       -98.198040    311809.600000       141.873600       441.579300        44.057610       444.722300       -74.001890       447.621300       163.603700        59.973640        -0.007553
1643124149.0000    312829.500000        12.929490    313675.800000      -107.301700    311821.900000       132.771800       442.577900        35.018020       445.182500       -82.981110       448.003200       154.660500        59.976110         0.014648
1643124150.0000    312849.300000         4.315490    313675.600000      -115.911100    311847.800000       124.163100       441.577900        26.494060       444.720500       -91.618620       445.552600       146.211700        59.976820        -0.015335
1643124151.0000    312904.400000        -3.354554    313759.400000      -123.586800    311885.600000       116.486100       442.722300        18.933790       445.786300       -99.092170       447.078700       138.576700        59.980750         0.017395
1643124152.0000    312879.300000       -10.175450    313737.700000      -130.404200    311884.000000       109.663800       439.920000        12.065930       441.623200      -105.897900       444.540300       131.652600        59.981510        -0.005264
1643124153.0000    312854.900000       -16.666340    313699.600000      -136.891100    311856.800000       103.177900       442.451300         5.461204       443.832900      -112.589500       446.582700       125.041100        59.982500         0.013504
1643124154.0000    312856.700000       -22.725270    313706.500000      -142.957500    311842.400000        97.114640       443.981900        -0.549205       445.420100      -118.527200       447.809400       119.040700        59.984280        -0.009613
1643124155.0000    312871.800000       -27.735680    313733.800000      -147.960400    311900.200000        92.108430       442.859200        -5.403878       444.056200      -123.465100       447.528400       114.160700        59.986980         0.008698
1643124156.0000    312890.700000       -32.035310    313756.100000      -152.263500    311899.800000        87.804890       443.620000        -9.842111       445.649100      -127.775600       448.036600       109.708200        59.989250         0.002060
1643124157.0000    312840.500000       -35.691320    313686.800000      -155.924100    311826.500000        84.149740       444.560400       -13.570460       446.337100      -131.684500       447.784400       105.931100        59.990440        -0.013962
1643124158.0000    312864.600000       -39.341120    313748.600000      -159.573600    311854.900000        80.495620       441.201400       -17.135410       442.530800      -135.044400       445.412100       102.409500        59.990680         0.007553
1643124159.0000    312862.500000       -41.888530    313760.800000      -162.117900    311889.300000        77.948700       444.028700       -19.573940       446.101700      -137.756300       448.176800        99.917020        59.994220        -0.006409
1643124160.0000    312876.800000       -43.422500    313716.400000      -163.657700    311843.800000        76.419480       444.150500       -21.253060       445.246200      -139.304100       447.791700        98.289280        59.996570        -0.014420
1643124161.0000    312948.700000       -44.615720    313794.200000      -164.845200    311957.100000        75.222660       440.663900       -22.245690       442.794700      -140.323600       444.569200        97.302190        59.997990         0.030441
1643124162.0000    312854.700000       -44.899740    313700.100000      -165.127800    311869.600000        74.944770       444.965900       -22.802640       446.825800      -140.686900       447.944500        96.871580        59.999560        -0.001602
1643124163.0000    312871.000000       -44.920840    313705.800000      -165.148900    311871.900000        74.924290       443.499200       -22.729610       446.224300      -140.860000       449.409300        97.005530        60.000770        -0.025864
1643124164.0000    312813.300000       -44.963500    313663.900000      -165.190100    311823.900000        74.881130       442.945200       -22.870220       444.173300      -140.876200       447.151100        96.831320        59.998510        -0.003433
1643124165.0000    312822.000000       -45.211220    313670.200000      -165.440400    311828.300000        74.629210       444.832900       -23.012840       447.199400      -141.044600       448.403600        96.444840        59.999510         0.002975
1643124166.0000    312766.100000       -45.290080    313612.900000      -165.516900    311771.400000        74.553110       445.675000       -23.153420       446.715100      -141.193900       449.295900        96.427990        59.999660        -0.007324
1643124167.0000    312704.300000       -46.162070    313581.200000      -166.384700    311745.000000        73.677290       444.807300       -24.077860       446.812400      -142.117300       448.989900        95.621930        59.996640         0.048294
1643124168.0000    312727.700000       -47.892410    313571.500000      -168.119400    311735.800000        71.949700       444.211400       -25.740050       446.416700      -143.772800       449.338500        93.997350        59.994680        -0.016708
1643124169.0000    312748.300000       -49.636530    313592.900000      -169.865000    311742.600000        70.205730       445.584700       -27.409420       446.871900      -145.470100       449.899400        92.252640        59.993910        -0.001831
1643124170.0000    312751.400000       -52.318020    313639.200000      -172.547300    311772.100000        67.518380       443.844600       -30.143380       446.503400      -148.121800       449.406900        89.569310        59.991800        -0.024261
1643124171.0000    312759.900000       -55.335980    313611.300000      -175.562800    311771.600000        64.506330       444.285600       -33.130710       446.621700      -151.110100       449.937800        86.412660        59.990310         0.006638
1643124172.0000    312763.400000       -59.156270    313593.600000      -179.379200    311784.900000        60.692300       444.749100       -36.840540       445.968900      -155.021300       449.205500        82.630090        59.988140        -0.007324
1643124173.0000    312764.200000       -64.044910    313604.400000       175.728700    311775.400000        55.798500       444.688600       -41.970620       448.096800      -159.976000       448.222800        77.766790        59.985650         0.012131
1643124174.0000    312741.000000       -69.608420    313634.100000       170.156800    311753.600000        50.223750       445.438000       -47.558220       447.904100      -165.566900       449.375900        72.144150        59.983150         0.004578
1643124175.0000    312776.800000       -76.394960    313621.600000       163.378000    311793.500000        43.447030       444.837000       -54.253960       447.044900      -172.304800       449.276600        65.224150        59.978910        -0.009384
1643124176.0000    312796.000000       -83.872390    313627.900000       155.899700    311779.300000        35.971060       447.550100       -61.957340       448.836100      -179.921700       451.193200        57.813000        59.978490        -0.001373
1643124177.0000    312880.200000       -91.904850    313737.100000       147.867200    311893.500000        27.933730       445.360700       -69.731330       447.416900       172.313400       450.093800        49.765980        59.977380        -0.016022
1643124178.0000    312906.100000       -99.775540    313746.000000       139.993700    311888.300000        20.066970       444.967800       -77.596260       446.705900       164.163400       447.913300        42.044900        59.977950         0.009842
1643124179.0000    312762.600000      -108.262700    313644.200000       131.502500    311758.000000        11.569360       446.872300       -86.284890       448.739300       155.648900       450.891600        33.304790        59.974670        -0.001831
