Terminal: LT 525  SALTO CAXIAS - S.SANTIAGO C1
Tensão base: 525 kV
SOC inicial: 1643124120
SOC final: 1643124179
Taxa: 1 fasores/s
Total de frames faltantes: - 

Tempo_(SOC)           VA_mod_(V)     VA_ang_(graus)     VB_mod_(V)     VB_ang_(graus)     VC_mod_(V)     VC_ang_(graus)     IA_mod_(A)     IA_ang_(graus)     IB_mod_(A)     IB_ang_(graus)     IC_mod_(A)     IC_ang_(graus)     Frequência        Delta_Freq     Faltante
1643124120.0000    313681.800000      -103.909000    312449.700000       135.510200    310303.200000        15.870330       982.859200       -87.809450      1044.493000       149.407700       997.432300        26.253120        59.974810        -0.008469
1643124121.0000    313701.400000      -113.001700    312504.600000       126.424800    310382.500000         6.771862       983.957200       -97.031540      1045.357000       140.205000       998.708500        17.052300        59.974650        -0.022202
1643124122.0000    313611.000000      -122.424300    312350.200000       116.996900    310236.600000        -2.641368       985.276500      -106.370100      1046.897000       130.859000      1000.054000         7.699870        59.972490         0.000916
1643124123.0000    313700.400000      -132.389300    312530.400000       107.041100    310401.400000       -12.616160       982.229100      -116.401600      1042.933000       120.878300       997.303200        -2.273262        59.972220         0.001602
1643124124.0000    313793.300000      -142.591600    312563.300000        96.838660    310466.300000       -22.810670       980.699200      -126.617000      1041.772000       110.629500       995.547900       -12.512610        59.971140         0.014191
1643124125.0000    313782.300000      -153.291900    312532.200000        86.125860    310383.900000       -33.512910       982.103600      -137.355300      1044.048000        99.860450       996.878400       -23.298170        59.969830         0.029755
1643124126.0000    313694.500000      -164.528700    312531.200000        74.893120    310364.000000       -44.754860       982.281700      -148.562500      1043.653000        88.680760       997.239400       -34.467410        59.968360        -0.004120
1643124127.0000    313804.800000      -176.137900    312569.200000        63.290840    310453.800000       -56.354260       983.229700      -160.317600      1044.077000        76.923550       997.733800       -46.194820        59.967140        -0.023804
1643124128.0000    313859.800000       172.691100    312640.800000        52.119320    310534.600000       -67.525350       982.548300      -171.466800      1043.929000        65.758920       997.270600       -57.397580        59.968810        -0.023804
1643124129.0000    313864.300000       161.133900    312644.200000        40.553260    310477.300000       -79.088470       982.946200       176.959600      1044.906000        54.178760       997.622400       -68.991750        59.968060         0.028381
1643124130.0000    313954.400000       149.822100    312765.200000        29.255690    310662.400000       -90.397320       980.795200       165.640200      1041.647000        42.877460       995.537400       -80.255130        59.970050         0.040283
1643124131.0000    313776.900000       138.229800    312543.900000        17.652300    310422.500000      -101.994300       982.642600       153.945700      1044.383000        31.162450       997.527400       -92.001430        59.966360        -0.026321
1643124132.0000    313784.600000       125.926300    312571.600000         5.342505    310395.500000      -114.301100       983.246000       141.656900      1045.480000        18.890100       998.439300      -104.292200        59.964440        -0.021744
1643124133.0000    313871.900000       112.980200    312674.800000        -7.601182    310527.600000      -127.246600       982.743800       128.642600      1044.551000         5.899697       998.369800      -117.285400        59.963710        -0.013275
1643124134.0000    313845.300000        99.429430    312616.700000       -21.156970    310476.700000      -140.793900       981.140500       115.078600      1043.353000        -7.705560       996.005200      -130.888700        59.960140        -0.012589
1643124135.0000    313940.900000        85.151830    312685.700000       -35.422560    310560.500000      -155.065900       981.611900       100.905000      1043.047000       -21.884970       996.213100      -145.033800        59.960070        -0.015793
1643124136.0000    313947.600000        70.685370    312725.000000       -49.893430    310597.900000      -169.537500       982.154600        86.358340      1043.638000       -36.399590       997.320700      -159.567300        59.960260         0.014191
1643124137.0000    314031.400000        56.599390    312779.600000       -63.969190    310704.300000       176.385500       981.205700        72.211760      1042.548000       -50.558630       995.877900      -173.700300        59.960920        -0.020828
1643124138.0000    314087.500000        43.166310    312867.400000       -77.404080    310785.500000       162.950400       982.334300        58.819870      1043.421000       -63.962530       996.925000       172.912600        59.964730         0.030441
1643124139.0000    314036.200000        30.443730    312792.300000       -90.136430    310662.400000       150.223000       981.220100        45.958180      1043.090000       -76.816800       996.209700       160.005600        59.965400         0.052643
1643124140.0000    314049.600000        17.845350    312839.400000      -102.726300    310739.000000       137.623600       981.934100        33.383710      1043.178000       -89.345620       997.136400       147.490000        59.966800         0.037994
1643124141.0000    314098.600000         5.811004    312811.400000      -114.762900    310697.300000       125.595900       980.632900        21.341630      1041.931000      -101.444800       995.435000       135.410700        59.967110         0.000000
1643124142.0000    313958.800000        -5.944136    312723.200000      -126.519100    310589.500000       113.837900       981.928700         9.642872      1043.615000      -113.123000       996.786400       123.718200        59.967720        -0.003662
1643124143.0000    314127.700000       -17.114730    312903.300000      -137.682100    310809.800000       102.670100       979.512300        -1.582043      1040.584000      -124.324900       994.568100       112.516000        59.970210        -0.003433
1643124144.0000    314096.300000       -27.603370    312841.800000      -148.175500    310729.500000        92.184340       980.409200       -11.999740      1041.647000      -134.760000       995.128800       102.098100        59.970990        -0.005493
1643124145.0000    313995.300000       -37.750500    312744.900000      -158.321000    310651.900000        82.036800       982.319000       -22.148050      1043.608000      -144.926000       996.876700        91.931940        59.972270        -0.002975
1643124146.0000    314024.700000       -47.389750    312759.700000      -167.956800    310691.400000        72.402780       981.945300       -31.863520      1042.834000      -154.623500       996.628600        82.237650        59.974030         0.029526
1643124147.0000    314000.000000       -56.958180    312749.800000      -177.531000    310632.300000        62.828580       981.929000       -41.266250      1043.270000      -164.042900       996.742800        72.805050        59.972800        -0.006866
1643124148.0000    313978.000000       -66.336770    312705.800000       173.087600    310590.300000        53.451080       981.122400       -50.663450      1042.760000      -173.441400       996.070900        63.402630        59.974920         0.034561
1643124149.0000    313987.600000       -75.382150    312736.000000       164.039700    310609.300000        44.401160       980.687100       -59.714970      1042.172000       177.488200       995.426900        54.339410        59.975300         0.026093
1643124150.0000    314089.200000       -83.917500    312804.800000       155.506500    310697.300000        35.868320       982.279500       -68.290040      1043.804000       168.914900       996.677100        45.773670        59.977680         0.016251
1643124151.0000    314077.500000       -91.432230    312841.400000       147.998700    310757.500000        28.353420       983.413100       -75.939450      1044.553000       161.299100       998.302600        38.171930        59.980200         0.009384
1643124152.0000    314198.700000       -98.407800    312966.800000       141.019800    310871.200000        21.375790       981.428600       -82.932230      1042.628000       154.316400       996.415800        31.162740        59.981860         0.021286
1643124153.0000    314036.600000      -104.823700    312834.000000       134.603600    310698.500000        14.952900       980.961200       -89.196360      1042.541000       148.054800       996.206700        24.883900        59.982850         0.008469
1643124154.0000    313949.400000      -110.639100    312702.600000       128.780200    310547.900000         9.141381       981.353100       -94.911720      1043.102000       142.311700       996.194100        19.141900        59.984250        -0.018539
1643124155.0000    314024.100000      -115.752800    312795.200000       123.670600    310667.200000         4.028097       980.262900      -100.146700      1041.690000       137.092400       995.123200        13.923870        59.986600        -0.031357
1643124156.0000    314055.300000      -119.873000    312852.300000       119.559600    310745.600000        -0.091000       977.776700      -104.334600      1038.500000       132.934400       992.756100         9.796951        59.988560        -0.030441
1643124157.0000    314120.700000      -123.816500    312880.400000       115.611500    310775.100000        -4.031458       977.998500      -108.237000      1039.054000       129.016600       992.868800         5.856493        59.989720         0.021744
1643124158.0000    314055.700000      -127.246100    312823.700000       112.182800    310706.200000        -7.461312       978.387000      -111.583500      1039.421000       125.666300       993.300800         2.522475        59.992100         0.000000
1643124159.0000    314008.600000      -129.633400    312820.300000       109.798900    310701.200000        -9.851576       977.938200      -114.076900      1038.531000       123.186600       992.866900         0.050051        59.994350         0.008926
1643124160.0000    314018.000000      -131.411300    312799.700000       108.011800    310657.500000       -11.630080       979.220800      -115.718900      1040.379000       121.505900       993.912400        -1.640754        59.996660         0.035477
1643124161.0000    313949.500000      -132.306700    312719.300000       107.122800    310616.800000       -12.523160       979.458700      -116.641900      1040.472000       120.607700       994.387100        -2.558218        59.998370        -0.015335
1643124162.0000    313991.100000      -132.886100    312766.500000       106.539400    310630.600000       -13.106500       979.194100      -117.359900      1040.546000       119.877500       994.153500        -3.291912        59.999300         0.010300
1643124163.0000    313880.100000      -132.971900    312622.900000       106.451600    310483.800000       -13.185450       981.299700      -117.386500      1042.394000       119.827800       995.646100        -3.300654        60.000420         0.017624
1643124164.0000    313928.300000      -132.964400    312699.300000       106.453900    310524.700000       -13.187190       980.086800      -117.329800      1041.712000       119.916300       995.340900        -3.253647        60.000210         0.001602
1643124165.0000    313893.300000      -132.963900    312680.800000       106.462200    310537.300000       -13.187310       979.639800      -117.255600      1040.835000       119.998400       994.908700        -3.156559        59.999810         0.000000
1643124166.0000    313751.900000      -133.377700    312500.300000       106.050500    310415.000000       -13.589510       979.987400      -117.617400      1040.794000       119.594600       994.167500        -3.525417        59.998180         0.013046
1643124167.0000    313844.700000      -134.391200    312642.800000       105.028100    310455.200000       -14.619330       977.907300      -118.683800      1039.731000       118.583900       993.246900        -4.629230        59.997360         0.026779
1643124168.0000    313754.100000      -135.497000    312574.800000       103.916300    310361.300000       -15.728940       979.710600      -119.658900      1041.722000       117.612400       995.285500        -5.589943        59.995520        -0.005264
1643124169.0000    313811.900000      -137.477100    312606.500000       101.953900    310493.200000       -17.698740       979.919100      -121.809400      1040.474000       115.467300       995.041000        -7.662175        59.993320         0.003662
1643124170.0000    313747.100000      -139.989200    312512.500000        99.436230    310395.800000       -20.207310       979.398800      -124.204000      1040.340000       113.016700       993.816500       -10.113410        59.991520        -0.012360
1643124171.0000    313880.300000      -143.224700    312659.800000        96.195550    310501.500000       -23.449750       979.700900      -127.539700      1041.361000       109.704600       994.904200       -13.473900        59.989820        -0.018539
1643124172.0000    313770.600000      -147.154500    312532.500000        92.269040    310385.900000       -27.372450       980.953700      -131.386100      1042.142000       105.820300       995.254900       -17.321120        59.988250         0.014877
1643124173.0000    313880.700000      -151.926300    312672.400000        87.501140    310542.800000       -32.147480       978.403000      -136.205200      1039.650000       101.041900       993.412700       -22.115600        59.984700        -0.004120
1643124174.0000    313743.200000      -157.850400    312511.300000        81.564860    310381.300000       -38.075390       979.520000      -142.048700      1041.522000        95.180000       994.780400       -27.999890        59.981620        -0.001373
1643124175.0000    313812.700000      -164.460100    312605.800000        74.966960    310475.200000       -44.683620       979.651600      -148.671300      1040.789000        88.575600       994.784500       -34.588080        59.980800        -0.019226
1643124176.0000    313773.900000      -171.941700    312559.700000        67.490300    310456.000000       -52.158820       980.127000      -156.128000      1040.971000        81.116410       994.727800       -42.021320        59.978610        -0.007095
1643124177.0000    313836.200000      -179.695900    312578.100000        59.725110    310428.300000       -59.910320       979.948400      -163.907200      1041.276000        73.315710       994.471100       -49.840230        59.977920         0.012589
1643124178.0000    313837.200000       172.305500    312573.300000        51.732020    310471.500000       -67.909210       980.501300      -171.980900      1041.634000        65.254140       995.191900       -57.907180        59.977570         0.049667
1643124179.0000    313865.500000       163.510000    312650.200000        42.935030    310508.300000       -76.714780       979.447600       179.243600      1040.711000        56.489720       994.628300       -66.672110        59.974700        -0.001831
