Terminal: LT 500  TUCURUI - MARABA C3
Tensão base: 500 kV
SOC inicial: 1643124120
SOC final: 1643124179
Taxa: 1 fasores/s
Total de frames faltantes: - 

Tempo_(SOC)           VA_mod_(V)     VA_ang_(graus)     VB_mod_(V)     VB_ang_(graus)     VC_mod_(V)     VC_ang_(graus)     IA_mod_(A)     IA_ang_(graus)     IB_mod_(A)     IB_ang_(graus)     IC_mod_(A)     IC_ang_(graus)     Frequência        Delta_Freq     Faltante
1643124120.0000    308727.800000        -1.538029    309911.300000      -121.633700    310427.300000       118.283800      1237.943000         5.793329      1214.433000      -113.595600      1239.204000       126.639400        59.974830         0.009613
1643124121.0000    308695.400000       -10.530690    309894.100000      -130.626800    310378.400000       109.288800      1238.657000        -3.266091      1215.031000      -122.631300      1239.924000       117.601300        59.975070         0.006866
1643124122.0000    308563.100000       -19.900040    309787.200000      -140.002000    310260.800000        99.916500      1241.380000       -12.673580      1217.342000      -132.066500      1242.445000       108.179600        59.973120         0.011673
1643124123.0000    308581.200000       -29.866680    309763.500000      -149.963700    310274.900000        89.952700      1242.790000       -22.690550      1219.170000      -142.045600      1244.540000        98.186570        59.972870         0.061798
1643124124.0000    308607.800000       -40.380460    309842.300000      -160.474100    310327.400000        79.436810      1236.491000       -33.055840      1213.115000      -152.430600      1237.734000        87.789910        59.970990        -0.037308
1643124125.0000    308555.900000       -50.826450    309748.000000      -170.917700    310282.400000        68.994320      1243.260000       -43.662560      1219.629000      -163.012300      1244.525000        77.190860        59.970980         0.026550
1643124126.0000    308558.100000       -61.990990    309738.500000       177.917500    310246.700000        57.830040      1241.992000       -54.769090      1217.896000      -174.137500      1243.088000        66.088690        59.967540        -0.031357
1643124127.0000    308576.800000       -73.568730    309777.100000       166.336800    310285.000000        46.247960      1242.178000       -66.338610      1218.679000       174.281200      1243.470000        54.512040        59.967650         0.017853
1643124128.0000    308828.400000       -85.245320    310023.400000       154.662200    310537.800000        34.575440      1234.630000       -77.897360      1211.310000       162.713900      1235.809000        42.931110        59.968270        -0.032272
1643124129.0000    308744.700000       -96.185140    309937.800000       143.719300    310426.100000        23.633880      1241.638000       -89.001980      1218.118000       151.617800      1243.125000        31.833440        59.969590         0.001144
1643124130.0000    308589.500000      -107.635000    309777.900000       132.272000    310270.500000        12.184390      1242.168000      -100.455300      1218.455000       140.172900      1243.231000        20.385460        59.967410         0.000687
1643124131.0000    308471.700000      -119.102500    309668.800000       120.802300    310182.300000         0.716453      1243.716000      -111.942600      1220.227000       128.674500      1245.061000         8.894150        59.967110        -0.072556
1643124132.0000    308395.500000      -130.927400    309583.500000       108.980900    310076.800000       -11.105460      1251.533000      -123.959700      1227.610000       116.652900      1252.673000        -3.103153        59.964150        -0.056763
1643124133.0000    308419.300000      -144.124100    309632.700000        95.777530    310111.600000       -24.309950      1249.376000      -137.122300      1225.835000       103.478500      1250.642000       -16.271240        59.963080         0.037537
1643124134.0000    308544.000000      -157.978500    309732.200000        81.925250    310242.900000       -38.159040      1243.082000      -150.835100      1218.279000        89.801220      1243.787000       -29.945770        59.961620        -0.010529
1643124135.0000    308555.100000      -171.970800    309747.000000        67.933080    310254.100000       -52.144970      1247.755000      -164.921900      1223.739000        75.698200      1249.039000       -44.063480        59.960210         0.013733
1643124136.0000    308669.400000       173.267100    309856.300000        53.172540    310357.600000       -66.911540      1243.481000      -179.595300      1219.346000        61.022480      1244.320000       -58.745640        59.959400        -0.003204
1643124137.0000    308767.500000       159.355300    309966.500000        39.259730    310451.300000       -80.827130      1240.444000       166.499700      1216.685000        47.131890      1241.927000       -72.629430        59.963270         0.003662
1643124138.0000    308689.300000       146.319300    309872.300000        26.222980    310380.400000       -93.861530      1246.775000       153.346200      1222.660000        33.964970      1247.845000       -85.788830        59.963930         0.029984
1643124139.0000    308685.800000       133.419700    309913.100000        13.321810    310402.200000      -106.769600      1246.953000       140.436600      1223.105000        21.033250      1248.339000       -98.700520        59.965890         0.052872
1643124140.0000    308649.000000       121.064700    309838.700000         0.974976    310390.600000      -119.114600      1247.070000       128.036500      1223.392000         8.671886      1248.507000      -111.106100        59.966770         0.010529
1643124141.0000    308634.600000       108.891200    309842.000000       -11.202020    310331.600000      -131.291200      1246.153000       115.904100      1222.244000        -3.462007      1247.863000      -123.234100        59.966270        -0.031357
1643124142.0000    308623.100000        97.337950    309846.800000       -22.757690    310325.800000      -142.847100      1248.919000       104.309500      1225.203000       -15.066970      1250.913000      -134.819400        59.968330         0.016479
1643124143.0000    308728.300000        85.958540    309944.100000       -34.140390    310424.200000      -154.227600      1244.109000        93.045330      1220.312000       -26.346120      1245.282000      -146.095700        59.969040        -0.011444
1643124144.0000    308727.600000        75.375330    309937.600000       -44.719740    310440.600000      -164.808400      1243.134000        82.520290      1218.872000       -36.846600      1244.646000      -156.604600        59.971300        -0.017166
1643124145.0000    308619.900000        65.604080    309827.100000       -54.487320    310338.100000      -174.575000      1248.845000        72.652220      1225.232000       -46.740750      1250.576000      -166.481600        59.972960        -0.011902
1643124146.0000    308664.200000        55.873620    309883.800000       -64.220410    310380.500000       175.690100      1247.107000        62.951520      1223.155000       -56.445710      1248.367000      -176.189600        59.973220        -0.003891
1643124147.0000    308689.400000        46.477020    309894.800000       -73.615710    310395.800000       166.297100      1250.761000        53.474790      1227.012000       -65.916000      1252.058000       174.313200        59.974860         0.014648
1643124148.0000    308574.300000        36.929740    309758.000000       -83.162800    310292.000000       156.750200      1250.489000        44.035910      1227.128000       -75.352490      1252.016000       164.862500        59.973030        -0.012589
1643124149.0000    308766.900000        27.650890    309953.700000       -92.443060    310471.400000       147.472200      1244.381000        34.824130      1221.003000       -84.548800      1245.996000       155.664100        59.976070         0.024033
1643124150.0000    308853.300000        19.142220    310043.700000      -100.952300    310552.300000       138.962800      1246.037000        26.239940      1222.941000       -93.141560      1247.449000       147.053200        59.976980        -0.019684
1643124151.0000    308876.800000        11.390030    310083.100000      -108.709100    310572.500000       131.207600      1242.378000        18.572930      1218.632000      -100.810100      1243.548000       139.395300        59.980740         0.016022
1643124152.0000    308726.500000         4.749316    309903.500000      -115.347300    310406.300000       124.568900      1249.160000        11.840850      1225.564000      -107.530500      1250.496000       132.679100        59.980880        -0.025635
1643124153.0000    308748.300000        -1.831451    309940.600000      -121.927800    310435.000000       117.986100      1245.716000         5.348053      1221.651000      -114.021100      1247.247000       126.213300        59.982850         0.003433
1643124154.0000    308829.800000        -7.905114    310021.300000      -127.999600    310525.800000       111.916100      1245.976000        -0.731651      1222.525000      -120.114100      1247.427000       120.101100        59.983650         0.014191
1643124155.0000    308912.600000       -12.971380    310110.400000      -133.072800    310601.200000       106.846900      1243.643000        -5.743012      1220.182000      -125.127500      1244.846000       115.097300        59.987910         0.043945
1643124156.0000    308719.100000       -17.212470    309904.600000      -137.309800    310411.200000       102.608200      1245.619000        -9.984617      1222.115000      -129.360000      1247.045000       110.861800        59.989150         0.028152
1643124157.0000    308702.800000       -20.910490    309917.500000      -141.004300    310425.600000        98.909980      1246.276000       -13.732810      1223.066000      -133.128400      1247.564000       107.089400        59.990720         0.024948
1643124158.0000    308673.800000       -24.511330    309871.300000      -144.603400    310395.700000        95.308000      1246.334000       -17.233480      1222.836000      -136.649900      1247.476000       103.589800        59.990820        -0.006866
1643124159.0000    308872.200000       -27.214250    310063.000000      -147.308900    310553.500000        92.606030      1240.779000       -19.895760      1216.960000      -139.284400      1241.738000       100.959100        59.994470        -0.035019
1643124160.0000    308866.200000       -28.652050    310051.500000      -148.749600    310555.800000        91.166080      1244.827000       -21.373830      1221.424000      -140.758000      1246.085000        99.465700        59.996570        -0.012131
1643124161.0000    308862.300000       -29.792240    310077.300000      -149.885100    310580.700000        90.027990      1242.513000       -22.392960      1219.308000      -141.750400      1243.602000        98.460630        59.998530         0.052185
1643124162.0000    309009.300000       -30.218970    310174.100000      -150.312000    310694.100000        89.603920      1240.610000       -22.869940      1216.713000      -142.245400      1241.428000        97.993950        60.000280         0.003891
1643124163.0000    308912.000000       -30.193030    310091.200000      -150.291200    310612.500000        89.624110      1241.414000       -22.801000      1218.023000      -142.190200      1242.708000        98.032420        60.000240        -0.007324
1643124164.0000    308798.100000       -30.105860    309963.800000      -150.201400    310487.000000        89.713360      1246.365000       -22.769630      1223.055000      -142.176200      1247.195000        98.044890        59.998100        -0.086975
1643124165.0000    308839.100000       -30.547040    310013.300000      -150.648200    310495.300000        89.272560      1239.314000       -23.036830      1216.146000      -142.441800      1240.849000        97.775140        59.998790         0.001831
1643124166.0000    308744.300000       -30.578620    309950.000000      -150.679400    310451.000000        89.237730      1243.646000       -23.170770      1219.571000      -142.555100      1244.419000        97.687900        60.001840         0.088348
1643124167.0000    308706.000000       -31.353360    309865.800000      -151.444500    310410.700000        88.469510      1247.888000       -24.034030      1223.538000      -143.399900      1248.686000        96.848130        59.994930        -0.013504
1643124168.0000    308793.800000       -33.266380    309993.500000      -153.359800    310507.000000        86.553540      1239.144000       -25.710720      1215.042000      -145.092000      1240.059000        95.159770        59.994160         0.002060
1643124169.0000    308887.100000       -35.117480    310085.200000      -155.214900    310603.000000        84.697560      1236.586000       -27.517100      1212.994000      -146.897800      1237.507000        93.344170        59.995830         0.049438
1643124170.0000    308735.500000       -37.621390    309957.500000      -157.713600    310474.400000        82.195680      1240.424000       -30.061920      1216.816000      -149.478600      1240.858000        90.769600        59.991400        -0.026550
1643124171.0000    308806.800000       -40.758180    309992.300000      -160.847200    310531.500000        79.065910      1238.613000       -33.241450      1214.883000      -152.598600      1239.667000        87.623100        59.991090         0.023346
1643124172.0000    308701.800000       -44.553930    309884.600000      -164.644900    310438.800000        75.270130      1240.279000       -37.074370      1216.723000      -156.456800      1241.389000        83.791850        59.987050        -0.040970
1643124173.0000    308683.400000       -49.409490    309858.600000      -169.497500    310404.500000        70.416570      1239.432000       -41.962700      1215.856000      -161.328900      1241.203000        78.885980        59.984760        -0.052872
1643124174.0000    308651.200000       -54.961810    309832.500000      -175.053300    310359.800000        64.861090      1241.888000       -47.561640      1218.430000      -166.933700      1243.228000        73.293710        59.983180         0.016937
1643124175.0000    308665.800000       -61.790620    309864.500000       178.117100    310382.800000        58.029560      1240.722000       -54.331800      1217.424000      -173.706800      1241.976000        66.519920        59.980160         0.035706
1643124176.0000    308819.600000       -69.354140    310029.900000       170.558400    310547.700000        50.468350      1238.339000       -61.909840      1215.023000       178.720500      1239.504000        58.941670        59.979140        -0.021515
1643124177.0000    308880.800000       -77.404460    310082.000000       162.503000    310590.400000        42.415120      1237.128000       -69.964200      1213.132000       170.684400      1238.151000        50.900550        59.978120         0.027695
1643124178.0000    308972.100000       -85.280760    310159.700000       154.630000    310698.900000        34.545780      1236.175000       -77.875290      1212.548000       162.763900      1237.626000        43.003480        59.979030         0.003662
1643124179.0000    308737.300000       -93.572060    309962.400000       146.331700    310460.900000        26.244920      1245.107000       -86.334730      1220.899000       154.295200      1246.072000        34.531900        59.974020        -0.030212
