Terminal: LT 500  BATEIAS - IBIUNA C1
Tensão base: 500 kV
SOC inicial: 1643124120
SOC final: 1643124179
Taxa: 1 fasores/s
Total de frames faltantes: - 

Tempo_(SOC)           VA_mod_(V)     VA_ang_(graus)     VB_mod_(V)     VB_ang_(graus)     VC_mod_(V)     VC_ang_(graus)     IA_mod_(A)     IA_ang_(graus)     IB_mod_(A)     IB_ang_(graus)     IC_mod_(A)     IC_ang_(graus)     Frequência        Delta_Freq     Faltante
1643124120.0000    310091.900000      -119.777600    310394.300000       119.947600    307974.400000        -0.003810       660.396700        76.993540       672.727500       -43.754090       663.575600      -164.649100        59.974670         0.063746
1643124121.0000    310088.800000      -128.898000    310619.400000       110.899000    308417.700000        -9.125190       661.217000        68.058470       671.241000       -52.531410       664.236100      -173.265800        59.974440         0.012822
1643124122.0000    310075.700000      -138.351000    310485.000000       101.433700    308305.700000       -18.564140       660.168300        58.468990       668.704800       -61.966930       664.074500       177.263400        59.974350        -0.105587
1643124123.0000    310181.800000      -148.286000    310690.900000        91.508220    308497.500000       -28.512450       658.677100        48.527500       666.941800       -72.015240       661.177300       167.279600        59.974750         0.156487
1643124124.0000    310293.100000      -158.473800    310635.700000        81.320110    308526.200000       -38.672520       658.405300        38.398060       666.504600       -82.295240       659.705700       157.110100        59.971630        -0.111012
1643124125.0000    310020.800000      -169.185400    310410.700000        70.542720    307967.400000       -49.425540       659.285100        27.408730       670.718800       -93.251460       662.357800       145.891900        59.970680        -0.048718
1643124126.0000    310006.900000       179.580700    310523.900000        59.323500    308081.800000       -60.671420       660.138100        16.427150       671.328900      -104.281000       662.860200       134.891000        59.969030         0.094660
1643124127.0000    309976.700000       167.940100    310267.400000        47.761070    308298.400000       -72.237170       664.600700         4.500856       670.223300      -116.118500       665.269900       123.423500        59.966200        -0.038115
1643124128.0000    310056.700000       156.781400    310390.500000        36.546970    308146.700000       -83.430740       659.069400        -6.467813       671.271000      -127.131600       662.705400       111.979400        59.968870        -0.122092
1643124129.0000    310014.700000       145.268000    310470.900000        25.001890    308024.400000       -94.979390       663.089600       -18.046600       675.114800      -138.699600       666.520300       100.406900        59.970060         0.097408
1643124130.0000    310369.800000       133.961100    310786.600000        13.763600    308671.900000      -106.246800       660.174700       -29.078480       668.937400      -149.766700       661.235000        89.586380        59.973710         0.099395
1643124131.0000    309776.800000       122.331500    310298.500000         2.073859    307856.900000      -117.922200       660.043900       -40.824640       671.847400      -161.505300       663.911000        77.613350        59.967270         0.054762
1643124132.0000    309863.500000       110.034800    310290.600000       -10.251820    307759.000000      -130.217300       659.703200       -53.140320       672.344200      -173.900900       661.887800        65.227160        59.964100         0.126102
1643124133.0000    309705.800000        97.104140    310415.400000       -23.140410    307941.500000      -143.172600       660.302400       -66.451920       671.506000       173.181900       666.275800        52.212000        59.961540        -0.371589
1643124134.0000    309839.300000        83.563310    310245.600000       -36.714800    307776.100000      -156.681900       660.141800       -79.563260       671.131000       159.568300       661.166700        38.821850        59.957050        -0.178993
1643124135.0000    310151.100000        69.288310    310567.300000       -50.963240    308206.900000      -170.946100       659.409900       -93.907550       669.624500       145.475000       662.639400        24.723010        59.957070        -0.202035
1643124136.0000    310095.400000        54.813750    310542.600000       -65.401750    308318.300000       174.592500       662.201000      -108.336100       670.112400       131.096300       663.953600        10.431840        59.959030        -0.145582
1643124137.0000    309925.200000        40.716750    310173.300000       -79.510250    308009.100000       160.522400       662.651900      -122.592300       672.412000       116.739000       664.424900        -3.972481        59.959770        -0.122951
1643124138.0000    310206.000000        27.296970    310602.500000       -92.891910    308532.400000       147.099200       663.099900      -135.770600       670.834900       103.471000       663.938500       -17.043410        59.965310         0.017164
1643124139.0000    309841.600000        14.552040    310305.200000      -105.714800    307855.600000       134.303000       661.469200      -148.811000       673.307800        90.555450       665.171400       -30.319680        59.965390         0.052554
1643124140.0000    310071.600000         1.960213    310550.400000      -118.256600    308317.100000       121.732800       661.864700      -161.160000       671.473600        78.236980       664.735400       -42.498960        59.967240         0.119124
1643124141.0000    309713.300000       -10.102090    310032.200000      -130.340300    307778.800000       109.688600       664.627800      -173.590300       672.775000        65.671160       665.595300       -54.936590        59.967170         0.095750
1643124142.0000    309802.800000       -21.820350    310283.500000      -142.094400    307787.300000        97.926730       661.423800       174.708100       674.001900        54.174620       666.320700       -66.805060        59.967780         0.169409
1643124143.0000    310027.500000       -33.001890    310563.200000      -153.221200    308287.100000        86.763290       662.882400       163.680400       672.623500        43.150690       666.728700       -77.632370        59.970930         0.165829
1643124144.0000    310188.800000       -43.468110    310605.400000      -163.695500    308367.400000        76.310230       661.356400       153.325900       669.709200        32.809490       664.445800       -87.862800        59.971460         0.083233
1643124145.0000    309841.800000       -53.654820    310248.000000      -173.847700    308163.000000        66.142720       663.343000       142.986500       670.857100        22.483010       666.318900       -98.133610        59.972110         0.105695
1643124146.0000    309813.900000       -63.323000    310136.300000       176.467800    308034.000000        56.479630       662.511700       133.383400       671.271800        12.927360       666.157400      -107.826900        59.975560         0.257103
1643124147.0000    309996.300000       -72.854320    310403.400000       166.906900    308108.800000        46.922030       662.510100       123.811200       672.172700         3.206270       665.218000      -117.516700        59.971740        -0.165089
1643124148.0000    309853.700000       -82.249070    310188.300000       157.503200    307886.200000        37.534060       659.665800       114.393200       669.009600        -6.182949       662.764300      -126.937600        59.971370        -0.378509
1643124149.0000    309891.300000       -91.287300    310255.400000       148.458100    307901.600000        28.486560       660.268900       105.389600       670.350600       -15.279090       662.861300      -136.005000        59.975320        -0.028517
1643124150.0000    310033.900000       -99.819180    310293.500000       139.927200    307997.200000        19.973670       663.471100        96.818690       674.044100       -23.915520       665.672100      -144.602700        59.978380         0.276633
1643124151.0000    309993.000000      -107.348700    310420.000000       132.431800    308201.300000        12.431050       663.397200        89.244150       672.570900       -31.312250       666.002100      -152.041500        59.981220         0.077302
1643124152.0000    310180.800000      -114.293500    310615.100000       125.484600    308391.700000         5.486660       661.331500        82.512370       670.085700       -38.082310       663.783200      -158.760200        59.982520        -0.139659
1643124153.0000    309978.900000      -120.729700    310560.000000       119.034500    308183.700000        -0.981958       660.668000        76.188620       671.401200       -44.436510       664.043900      -165.276400        59.985480         0.176350
1643124154.0000    309893.800000      -126.573600    310250.200000       113.146000    307784.400000        -6.811435       659.238500        70.014000       670.899800       -50.671290       661.817600      -171.519500        59.982600        -0.386205
1643124155.0000    310079.400000      -131.672200    310516.400000       108.087200    308188.300000       -11.902250       661.421800        65.048540       672.262700       -55.513880       664.929400      -176.370900        59.987680         0.165878
1643124156.0000    310071.400000      -135.811400    310651.700000       103.971000    308368.800000       -16.054210       656.863800        60.979540       666.400700       -59.552670       660.562100       179.652000        59.988850         0.098430
1643124157.0000    310143.900000      -139.751100    310623.600000       100.024000    308354.300000       -19.981410       658.825900        56.967750       669.300100       -63.543510       662.888400       175.644200        59.991690         0.123567
1643124158.0000    310023.000000      -143.184500    310486.300000        96.591960    308229.200000       -23.410260       661.024900        53.489960       670.751500       -67.110440       664.330300       172.156300        59.992570         0.025486
1643124159.0000    309638.000000      -145.606100    310059.000000        94.203480    307965.000000       -25.810910       661.610100        50.641170       669.463000       -70.015600       662.256700       169.409900        59.993400        -0.130972
1643124160.0000    309995.000000      -147.363500    310488.700000        92.387240    308101.800000       -27.606880       660.809700        49.228420       671.620100       -71.403140       664.278400       167.775500        59.996690         0.062541
1643124161.0000    309880.200000      -148.304700    310302.000000        91.465560    308038.000000       -28.527190       659.300500        48.358570       669.316500       -72.276190       662.083300       166.912800        59.996930        -0.246738
1643124162.0000    309628.800000      -148.845600    310150.600000        90.892170    307692.900000       -29.101450       659.275400        47.618550       672.658900       -73.012560       663.753400       166.015400        59.997300        -0.270722
1643124163.0000    309547.600000      -148.978800    309802.500000        90.763380    307498.000000       -29.189200       661.066800        47.616310       672.047000       -73.240250       661.796900       165.994100        59.999730        -0.129440
1643124164.0000    309589.400000      -148.928700    310207.300000        90.796850    307633.600000       -29.205410       658.447200        47.335370       669.489600       -73.119610       663.594300       165.972400        59.998220        -0.044902
1643124165.0000    309581.400000      -148.948800    310252.800000        90.827530    307893.800000       -29.207250       659.073200        47.342630       667.860500       -73.061330       663.680400       166.144900        59.998590         0.054736
1643124166.0000    309615.400000      -149.405900    309937.000000        90.399170    307878.100000       -29.594620       661.716100        47.057410       670.588400       -73.579360       663.564400       165.781600        59.996730         0.053098
1643124167.0000    309483.600000      -150.349200    310146.000000        89.403990    307676.500000       -30.619670       660.972800        45.958340       671.656300       -74.523050       666.051000       164.618000        59.997660         0.085563
1643124168.0000    309572.200000      -151.467000    310359.800000        88.274280    307782.300000       -31.763980       657.420800        44.698740       669.128700       -75.603430       664.193700       163.365900        59.994670        -0.160478
1643124169.0000    309458.700000      -153.486000    309993.900000        86.315620    307820.300000       -33.711080       662.294100        42.707250       669.994400       -77.861090       664.770400       161.529800        59.992740         0.074735
1643124170.0000    309859.700000      -155.982100    310218.000000        83.788410    308000.300000       -36.195220       660.163800        40.639960       669.203900       -80.031800       661.607900       159.317000        59.991860         0.320768
1643124171.0000    309698.500000      -159.217300    310175.800000        80.536270    307796.100000       -39.456080       661.067500        37.349990       671.435900       -83.274540       663.564800       155.934000        59.990040         0.048749
1643124172.0000    309717.900000      -163.166400    310073.500000        76.590000    307778.700000       -43.382990       663.196100        33.336690       672.344200       -87.432010       664.285800       151.945900        59.988750         0.200573
1643124173.0000    309661.800000      -167.921600    310096.100000        71.835560    307753.500000       -48.153870       660.124900        28.680870       671.598300       -92.034180       662.590500       147.139300        59.985430         0.040797
1643124174.0000    309591.000000      -173.847200    309916.100000        65.895290    307567.200000       -54.067860       661.734400        22.720580       673.701000       -98.054850       663.591200       141.139100        59.982600        -0.012948
1643124175.0000    309610.100000       179.546400    310087.800000        59.329600    307856.100000       -60.678350       662.901400        16.137770       672.292200      -104.535100       665.139300       134.726700        59.981170         0.076850
1643124176.0000    309500.300000       172.048100    309925.300000        51.846850    307796.900000       -68.160260       662.838000         8.669969       672.372500      -112.050100       664.170500       127.245100        59.978280         0.027211
1643124177.0000    309799.700000       164.312300    310151.200000        44.076870    307898.200000       -75.900980       661.223800         0.872807       671.120900      -119.804800       663.508900       119.478900        59.977840         0.025090
1643124178.0000    309517.900000       156.300000    309919.600000        36.041780    307531.400000       -83.932540       660.582000        -7.232479       672.837200      -127.839000       665.134300       111.210400        59.978400         0.361456
1643124179.0000    309518.300000       147.517500    310043.200000        27.276720    307680.100000       -92.728710       662.208700       -15.968240       672.922400      -136.609300       665.125100       102.581400        59.975170        -0.137889
