Terminal: LT 500  QUEIMADA NOVA 2 - MILAGRES II CC3
Tensão base: 500 kV
SOC inicial: 1643124120
SOC final: 1643124179
Taxa: 1 fasores/s
Total de frames faltantes: - 

Tempo_(SOC)           VA_mod_(V)     VA_ang_(graus)     VB_mod_(V)     VB_ang_(graus)     VC_mod_(V)     VC_ang_(graus)     IA_mod_(A)     IA_ang_(graus)     IB_mod_(A)     IB_ang_(graus)     IC_mod_(A)     IC_ang_(graus)     Frequência        Delta_Freq     Faltante
1643124120.0000    301902.300000       -25.576680    303276.500000      -146.304100    302522.000000        94.351350       172.561500       148.255500       156.854200        28.909440       161.124000       -87.737120        59.974880         0.000687
1643124121.0000    301829.600000       -34.588920    303207.300000      -155.309700    302465.800000        85.336480       172.765500       139.438800       157.797300        19.924760       161.360100       -96.581990        59.973150        -0.030899
1643124122.0000    301762.200000       -44.015390    303163.400000      -164.741500    302415.900000        75.903140       172.413500       129.888700       158.432100        10.792870       162.016700      -106.065100        59.973410         0.017166
1643124123.0000    301804.000000       -54.005350    303174.300000      -174.739100    302420.700000        65.915390       172.808700       119.786100       157.300500         0.517517       161.543300      -115.890700        59.972430         0.065460
1643124124.0000    301855.000000       -64.358890    303250.300000       174.914300    302497.500000        55.562760       174.066400       109.555000       158.683400        -9.530476       162.988400      -126.322000        59.971310        -0.010529
1643124125.0000    301821.300000       -74.977580    303214.500000       164.296600    302477.600000        44.943890       173.810600        98.747160       158.281800       -20.393870       162.289600      -136.887800        59.970240         0.032272
1643124126.0000    301794.800000       -86.128400    303166.500000       153.138600    302412.700000        33.795410       173.415500        87.757610       157.273800       -31.598530       161.485700      -148.244300        59.968850         0.000458
1643124127.0000    301730.800000       -97.693570    303135.400000       141.578300    302378.500000        22.225940       173.318000        76.247630       158.964400       -43.103550       162.879200      -159.606700        59.966110        -0.029526
1643124128.0000    301903.200000      -109.172700    303271.900000       130.098600    302537.000000        10.751550       172.469800        65.101590       157.328500       -54.207920       161.482500      -171.035500        59.969730         0.052872
1643124129.0000    301794.900000      -120.290000    303162.100000       118.977500    302411.000000        -0.369728       173.527300        53.520690       157.852000       -65.863650       162.064700       177.727800        59.969140        -0.002289
1643124130.0000    301750.400000      -131.776600    303164.900000       107.495700    302399.700000       -11.859100       173.006100        42.091670       158.525100       -77.542320       162.479800       165.991100        59.967040        -0.012360
1643124131.0000    301685.300000      -143.277700    303114.600000        95.990110    302326.600000       -23.361360       172.817300        30.456630       158.094900       -88.834500       161.960300       154.571100        59.966790        -0.078049
1643124132.0000    301722.000000      -155.320200    303077.800000        83.952050    302340.400000       -35.393680       173.224500        18.121940       158.032000      -100.938800       162.388400       142.451000        59.965340         0.025177
1643124133.0000    301716.700000      -168.452900    303086.900000        70.816280    302323.300000       -48.527260       172.541600         5.471619       157.648500      -113.961800       162.810300       129.435400        59.963480         0.065689
1643124134.0000    301726.500000       177.879600    303087.700000        57.151260    302352.200000       -62.194530       173.112500        -8.173615       158.085900      -127.368100       162.816300       116.046800        59.961730         0.002518
1643124135.0000    301689.300000       163.749500    303027.200000        43.021530    302297.500000       -76.322910       172.597000       -22.540270       158.462600      -141.662100       162.847800       101.718800        59.959820        -0.002060
1643124136.0000    301779.400000       149.129500    303136.700000        28.397750    302389.700000       -90.946370       172.722500       -36.976520       158.098100      -156.478700       162.726700        87.160040        59.959060        -0.027466
1643124137.0000    301707.900000       135.276300    303130.500000        14.543690    302354.500000      -104.811700       174.737900       -50.785380       160.406200      -170.081900       164.188200        73.360240        59.961840         0.014877
1643124138.0000    301703.800000       122.060000    303072.200000         1.331129    302325.100000      -118.016500       174.943800       -64.275030       160.107400       176.489900       164.799800        59.785580        59.963780         0.001373
1643124139.0000    301749.000000       109.144100    303132.800000       -11.581180    302400.200000      -130.929700       174.172000       -77.042470       159.134100       164.027600       164.035800        47.208800        59.964740         0.034790
1643124140.0000    301672.600000        96.770970    303081.900000       -23.954790    302336.500000      -143.307100       176.556000       -89.281960       160.872600       151.553300       165.514900        34.866610        59.965580         0.014648
1643124141.0000    301708.400000        84.630520    303115.200000       -36.096950    302354.400000      -155.447700       174.977200      -101.402700       160.100300       139.269300       164.037400        22.669810        59.966030        -0.011902
1643124142.0000    301736.000000        73.019330    303127.500000       -47.706330    302386.400000      -167.062700       176.777100      -113.184800       161.830900       127.530700       165.176100        11.017030        59.968600         0.033875
1643124143.0000    301777.400000        61.765170    303147.700000       -58.964080    302419.800000      -178.311400       176.515000      -124.414300       160.997800       116.443700       165.757600        -0.285992        59.969910         0.013275
1643124144.0000    301739.700000        51.207570    303139.400000       -69.511120    302453.600000       171.133300       176.192700      -135.009700       160.986100       105.890000       164.936200       -10.784050        59.972090         0.047150
1643124145.0000    301666.300000        41.297100    303062.200000       -79.423900    302332.800000       161.223500       176.666100      -144.867600       162.069200        95.744710       166.327800       -20.823700        59.970200        -0.146713
1643124146.0000    301712.100000        31.630880    303084.700000       -89.093850    302356.200000       151.558300       178.335200      -154.420700       163.095300        86.118390       167.218000       -30.355450        59.973210        -0.006866
1643124147.0000    301685.700000        22.157000    303074.700000       -98.573670    302314.400000       142.080000       179.147400      -164.092600       163.788200        76.915030       167.694200       -40.119690        59.974500         0.056076
1643124148.0000    301699.800000        12.622270    303110.700000      -108.114000    302320.000000       132.539400       177.711300      -173.248800       163.008100        67.396100       167.382100       -49.269070        59.974200         0.029068
1643124149.0000    301758.800000         3.513505    303135.200000      -117.221100    302365.600000       123.437900       177.925300       177.732100       163.625700        58.584230       167.852800       -58.310640        59.975930        -0.007095
1643124150.0000    301790.100000        -5.065817    303182.800000      -125.802300    302410.600000       114.852400       176.512600       168.966000       162.328200        49.974270       165.924500       -66.908200        59.976100        -0.038223
1643124151.0000    301874.200000       -12.736340    303273.800000      -133.477200    302464.100000       107.182500       176.883900       161.327400       162.197800        42.045960       165.331300       -74.580120        59.979460        -0.007553
1643124152.0000    301820.000000       -19.539590    303195.000000      -140.278800    302414.800000       100.379700       175.895200       154.366500       161.533500        35.155120       165.647000       -81.793030        59.982220         0.026550
1643124153.0000    301856.100000       -26.032690    303225.800000      -146.766500    302489.600000        93.888100       176.200300       147.899300       161.994800        28.738260       166.320700       -88.222490        59.982620         0.034103
1643124154.0000    301907.900000       -32.106610    303284.000000      -152.840100    302506.200000        87.815510       176.485400       142.190000       161.523700        23.172170       165.946300       -93.697070        59.985160         0.049896
1643124155.0000    301924.100000       -37.120830    303323.600000      -157.855200    302557.100000        82.800230       176.269300       136.970200       162.053800        17.865700       166.006500       -98.943670        59.987970         0.083313
1643124156.0000    301899.800000       -41.411320    303306.900000      -162.141600    302529.400000        78.508370       176.271500       132.707900       162.079900        13.391790       166.352400      -103.293500        59.989770         0.015793
1643124157.0000    301860.500000       -45.111320    303245.500000      -165.848300    302458.700000        74.809720       177.954800       128.964900       163.138300         9.608068       167.051400      -107.081800        59.989330        -0.042801
1643124158.0000    301929.300000       -48.692070    303318.300000      -169.427600    302535.400000        71.226780       175.686200       125.360300       161.500100         6.027606       164.786300      -110.478200        59.991100        -0.012131
1643124159.0000    301980.500000       -51.252990    303387.200000      -171.987300    302603.700000        68.667810       175.267600       122.916400       160.842600         3.542145       165.269800      -113.003700        59.993430        -0.027008
1643124160.0000    301912.100000       -52.800770    303305.500000      -173.539500    302503.000000        67.121220       177.016700       121.405900       161.202200         2.080051       165.629900      -114.537800        59.997270         0.006866
1643124161.0000    302042.800000       -53.913590    303415.700000      -174.649900    302650.200000        66.005710       173.281400       120.015500       158.636600         0.667306       163.202900      -115.937900        59.999240         0.079880
1643124162.0000    301985.300000       -54.278960    303331.300000      -175.014200    302574.300000        65.645940       177.179900       119.774100       162.160800         0.462318       166.419100      -116.095300        59.998330        -0.061798
1643124163.0000    301933.300000       -54.282290    303316.000000      -175.019500    302564.200000        65.640260       176.174900       119.804100       161.205400         0.696362       165.630700      -116.106300        60.000290        -0.074387
1643124164.0000    301936.500000       -54.298290    303324.900000      -175.034800    302540.000000        65.623100       176.259600       119.978500       160.664400         0.637051       165.011600      -116.358800        59.999780         0.005264
1643124165.0000    302022.700000       -54.556900    303406.500000      -175.300400    302599.800000        65.357400       176.091600       119.752800       161.263500         0.586022       165.978100      -116.230200        60.000650         0.160446
1643124166.0000    301877.000000       -54.667210    303289.000000      -175.399200    302509.600000        65.251500       177.149400       119.549200       161.620500         0.246318       165.769500      -116.107000        60.002510         0.132980
1643124167.0000    301865.300000       -55.537620    303237.100000      -176.259300    302533.300000        64.393260       176.831200       118.728400       162.448300        -0.569726       166.499600      -117.257900        59.996910         0.036850
1643124168.0000    301922.700000       -57.234950    303316.200000      -177.954900    302602.600000        62.694810       174.946200       117.343300       160.153400        -1.916137       164.319000      -118.481600        59.994960         0.012360
1643124169.0000    301926.900000       -59.001820    303304.400000      -179.732500    302565.900000        60.923710       176.606900       115.644900       161.661500        -3.818117       165.363800      -120.327100        59.994510         0.012131
1643124170.0000    301927.500000       -61.636300    303303.800000       177.640600    302555.900000        58.293220       174.556900       112.684600       159.494400        -6.664919       163.305100      -123.032900        59.991330        -0.062027
1643124171.0000    301931.400000       -64.708910    303311.000000       174.565700    302570.000000        55.219400       176.259400       109.587600       161.584000        -9.517081       165.868000      -126.192700        59.992420         0.107346
1643124172.0000    301851.200000       -68.531780    303183.400000       170.743900    302496.200000        51.400640       178.423300       105.743700       162.759200       -13.219120       167.776700      -130.018900        59.986660        -0.063400
1643124173.0000    301885.600000       -73.391600    303263.000000       165.883000    302539.300000        46.535610       176.900400       101.372600       161.761800       -18.114580       166.035200      -134.921100        59.986850         0.078049
1643124174.0000    301804.100000       -78.987370    303198.800000       160.280300    302437.600000        40.933170       178.721900        95.400360       162.659300       -23.958960       167.150200      -140.582600        59.981990        -0.080109
1643124175.0000    301861.200000       -85.767960    303238.100000       153.505800    302504.700000        34.153430       178.757600        88.980480       162.873700       -30.461780       167.956000      -147.002800        59.980520         0.078735
1643124176.0000    301860.600000       -93.272320    303208.800000       146.000900    302484.000000        26.655420       178.663300        81.409610       163.818500       -37.713480       167.716500      -154.546900        59.978360        -0.020370
1643124177.0000    301920.200000      -101.287500    303308.500000       137.990200    302591.900000        18.639260       178.537200        73.289730       163.426400       -45.819100       167.298600      -162.388200        59.977590         0.006180
1643124178.0000    301910.000000      -109.149700    303264.000000       130.120100    302548.100000        10.778890       178.060500        65.320630       163.652000       -53.695730       168.109200      -170.420300        59.978190         0.033646
1643124179.0000    301728.300000      -117.681500    303134.100000       121.596300    302387.600000         2.243972       179.136800        56.819390       164.023900       -62.390990       168.483800      -179.087500        59.974880         0.027008
