Terminal: LT 500  IGAPORA III - JANAUBA 3 CL6
Tensão base: 500 kV
SOC inicial: 1643124120
SOC final: 1643124179
Taxa: 1 fasores/s
Total de frames faltantes: - 

Tempo_(SOC)           VA_mod_(V)     VA_ang_(graus)     VB_mod_(V)     VB_ang_(graus)     VC_mod_(V)     VC_ang_(graus)     IA_mod_(A)     IA_ang_(graus)     IB_mod_(A)     IB_ang_(graus)     IC_mod_(A)     IC_ang_(graus)     Frequência        Delta_Freq     Faltante
1643124120.0000    310417.500000       -39.057160    309075.000000      -159.525500    308507.000000        80.743070       163.722200        16.760370       177.111100      -111.741800       169.655900       132.007900        59.974930         0.006180
1643124121.0000    310391.600000       -48.083430    309059.000000      -168.543200    308524.100000        71.717600       164.127900         7.631094       177.523700      -120.952700       170.972700       122.760300        59.974270         0.005951
1643124122.0000    310356.000000       -57.533420    309024.700000      -178.001800    308472.800000        62.261070       163.972800        -1.836615       177.794700      -130.248700       170.423400       113.086500        59.973700         0.059280
1643124123.0000    310293.900000       -67.522750    308981.000000       172.011500    308400.200000        52.274930       164.118700       -11.764170       177.883500      -140.332100       170.686100       103.143400        59.972120         0.012360
1643124124.0000    310350.900000       -77.853520    309029.300000       161.681200    308465.300000        41.944110       164.696400       -22.091520       177.876800      -150.623800       170.914100        92.919720        59.971500         0.006638
1643124125.0000    310277.900000       -88.489770    308997.500000       151.049300    308435.700000        31.306090       163.269700       -32.627540       177.115700      -161.143800       169.903700        82.283150        59.970220         0.032272
1643124126.0000    310308.700000       -99.635570    308993.800000       139.896100    308422.200000        20.162570       163.642900       -43.891690       177.562900      -172.459600       170.336000        71.164460        59.968120        -0.016479
1643124127.0000    310294.000000      -111.207100    308999.800000       128.325500    308427.300000         8.586419       164.294800       -55.511860       177.864300       175.955600       170.946400        59.444760        59.966930        -0.009613
1643124128.0000    310415.800000      -122.610400    309116.600000       116.928700    308557.000000        -2.811996       164.009400       -66.582960       177.152700       164.873900       170.043900        48.334590        59.970760         0.075073
1643124129.0000    310285.800000      -133.788000    308967.600000       105.745200    308383.900000       -13.991670       163.147000       -77.907260       177.440200       153.321000       170.089100        36.916030        59.969020         0.001831
1643124130.0000    310315.300000      -145.274600    309022.700000        94.259120    308441.300000       -25.482040       163.479800       -89.543340       177.320600       141.907000       170.115700        25.411320        59.967430        -0.007095
1643124131.0000    310225.800000      -156.766700    308955.800000        82.762700    308334.200000       -36.973580       163.074900      -101.027400       177.040300       130.465200       169.792900        14.035700        59.965870        -0.075989
1643124132.0000    310207.400000      -168.849600    308890.200000        70.685330    308325.700000       -49.049300       163.787600      -113.537200       177.335400       118.021500       170.573400         1.640627        59.966070         0.011444
1643124133.0000    310242.400000       178.035700    308910.300000        57.563540    308312.000000       -62.163850       162.968300      -126.395600       177.485600       105.007400       169.962300       -11.361600        59.963200         0.043030
1643124134.0000    310285.500000       164.403000    308950.800000        43.929550    308362.500000       -75.798540       163.315800      -139.835600       177.444600        91.465310       170.078000       -24.917630        59.962240         0.020142
1643124135.0000    310237.900000       150.241200    308904.600000        29.771890    308315.800000       -89.958110       163.405500      -154.277600       177.359900        76.965780       169.559600       -39.272030        59.959700        -0.000458
1643124136.0000    310311.200000       135.650800    308998.900000        15.181710    308402.900000      -104.553600       163.289300      -168.583900       176.999200        62.882000       170.244600       -53.779510        59.959430        -0.006638
1643124137.0000    310285.500000       121.779600    308977.300000         1.310616    308393.000000      -118.425500       164.217100       176.750700       178.113600        48.550280       170.481200       -67.956970        59.962670         0.059509
1643124138.0000    310211.400000       108.518600    308911.700000       -11.949420    308325.900000      -131.684600       163.802900       163.577300       178.170400        35.047990       170.436600       -81.487720        59.963460         0.008698
1643124139.0000    310287.600000        95.632610    308976.900000       -24.829940    308429.100000      -144.571700       163.720800       150.808700       177.370700        22.502560       170.745100       -94.098790        59.965520         0.067062
1643124140.0000    310184.800000        83.204800    308878.500000       -37.258880    308319.000000      -156.996400       164.352200       138.368500       178.235400         9.767838       170.664900      -106.572900        59.964810        -0.018082
1643124141.0000    310220.400000        71.096410    308905.600000       -49.370050    308350.900000      -169.108200       163.723500       126.292800       177.403400        -2.143239       170.761500      -118.690900        59.965970         0.011215
1643124142.0000    310179.700000        59.448650    308881.500000       -61.012590    308335.800000       179.245300       164.406000       114.340700       178.369900       -14.119920       170.550100      -130.317900        59.967940        -0.015335
1643124143.0000    310222.800000        48.236940    308892.400000       -72.229450    308343.100000       168.034100       164.859000       103.462000       177.905000       -25.012280       170.784400      -141.433700        59.970450         0.017166
1643124144.0000    310205.000000        37.673380    308894.500000       -82.783130    308371.800000       157.475400       164.137900        92.947090       177.999800       -35.439830       170.839900      -151.887400        59.972150         0.025635
1643124145.0000    310137.300000        27.716100    308787.600000       -92.740390    308263.000000       147.523600       164.282200        82.971070       178.095300       -45.810530       170.757800      -162.252600        59.969900        -0.139618
1643124146.0000    310154.500000        18.049970    308822.700000      -102.413300    308275.100000       137.849700       164.458400        73.064850       178.373800       -55.379360       171.482100      -171.741800        59.972740        -0.019684
1643124147.0000    310159.700000         8.575345    308869.300000      -111.903000    308245.900000       128.360000       164.274800        63.625570       178.753000       -64.798770       170.892500       178.554700        59.974860         0.076447
1643124148.0000    310186.400000        -0.946053    308927.700000      -121.423500    308262.800000       118.835000       163.992500        54.237560       178.596100       -74.331460       170.891700       169.158600        59.975540         0.082397
1643124149.0000    310248.500000       -10.025550    308937.300000      -130.502900    308298.900000       109.761900       164.171900        45.229620       178.832700       -83.302770       171.347000       159.904600        59.975960         0.032730
1643124150.0000    310297.700000       -18.596560    309001.400000      -139.072500    308373.000000       101.191700       164.437000        36.711730       178.322200       -91.788040       171.470600       151.710800        59.976810        -0.000229
1643124151.0000    310348.900000       -26.223580    309037.700000      -146.703900    308402.200000        93.561390       163.639600        29.279900       177.689300       -99.048920       170.493500       144.361700        59.979850         0.018997
1643124152.0000    310273.200000       -33.066200    308947.900000      -153.549700    308325.900000        86.722620       163.840000        22.462050       177.245900      -106.297400       169.606100       137.253600        59.981840         0.014877
1643124153.0000    310314.400000       -39.546980    308998.400000      -160.028100    308364.400000        80.242800       163.844200        16.134320       177.705000      -112.585500       170.645500       131.004300        59.982590         0.029755
1643124154.0000    310415.300000       -45.605340    309101.300000      -166.082700    308466.800000        74.185730       164.578500        10.027910       177.986600      -118.527100       171.025200       125.116300        59.985260         0.043259
1643124155.0000    310430.400000       -50.615670    309118.500000      -171.096100    308483.200000        69.176460       164.504700         4.938515       178.172900      -123.604300       171.332400       120.012900        59.987830         0.065002
1643124156.0000    310366.400000       -54.915020    309078.000000      -175.392800    308444.700000        64.871380       165.047700         0.649343       178.928100      -127.941700       171.294200       115.536600        59.989490        -0.010300
1643124157.0000    310350.700000       -58.645730    309014.100000      -179.123400    308388.300000        61.142600       164.985900        -3.290064       178.876700      -131.787000       171.641500       111.780900        59.989130        -0.053101
1643124158.0000    310454.100000       -62.177150    309145.700000       177.346300    308513.500000        57.612260       164.453000        -6.614486       178.586100      -135.111800       171.163800       108.394600        59.991420        -0.029984
1643124159.0000    310485.600000       -64.690120    309191.500000       174.832800    308563.300000        55.095200       164.628700        -8.795408       178.085600      -137.432600       170.941000       106.127300        59.993350        -0.028839
1643124160.0000    310468.900000       -66.292600    309112.000000       173.224900    308469.400000        53.499810       164.970300       -10.620610       178.764500      -139.315800       170.912000       104.386600        59.996770        -0.004807
1643124161.0000    310566.200000       -67.372170    309220.100000       172.147100    308584.200000        52.419810       164.600700       -11.653910       178.252000      -140.216900       171.074800       103.265900        59.998450         0.030670
1643124162.0000    310531.800000       -67.776710    309162.100000       171.740500    308544.800000        52.015980       165.759000       -12.502520       179.188000      -140.917800       172.002500       102.466600        59.998290        -0.065918
1643124163.0000    310482.300000       -67.772710    309160.700000       171.745300    308503.100000        52.020930       165.178000       -12.297450       178.988800      -140.772600       171.737000       102.744500        60.000240        -0.046234
1643124164.0000    310487.600000       -67.792460    309164.000000       171.725100    308528.700000        51.994900       165.011300       -12.309390       178.627300      -140.882400       171.472300       102.749300        60.000440         0.025177
1643124165.0000    310567.200000       -68.005280    309258.500000       171.509000    308601.200000        51.778470       164.230500       -12.132550       177.925300      -140.997500       170.930000       102.790600        60.001950         0.223389
1643124166.0000    310403.000000       -68.159630    309109.600000       171.367700    308491.000000        51.627160       164.065100       -12.491810       178.275800      -141.172800       171.309300       102.457500        60.003020         0.158844
1643124167.0000    310430.100000       -69.044880    309072.400000       170.485000    308498.800000        50.757340       164.974500       -13.788590       178.661800      -142.323800       172.152300       101.261400        59.996800         0.006409
1643124168.0000    310512.300000       -70.657620    309167.000000       168.878900    308613.400000        49.144440       165.148200       -14.960400       177.999300      -143.514200       171.566500       100.274800        59.996270         0.053101
1643124169.0000    310459.500000       -72.455020    309082.100000       167.079700    308534.000000        47.351170       164.928400       -16.963280       178.237400      -145.485800       170.977000        98.233910        59.994340         0.017853
1643124170.0000    310463.400000       -75.083930    309075.400000       164.447300    308539.600000        44.721780       164.995500       -19.377250       177.825100      -147.919200       171.065300        95.887390        59.990180        -0.084686
1643124171.0000    310462.100000       -78.173750    309108.500000       161.360500    308560.100000        41.625950       164.439100       -22.860830       177.986400      -151.249800       171.010000        92.576670        59.992020         0.064316
1643124172.0000    310440.800000       -82.039110    309047.000000       157.498900    308530.500000        37.769590       164.388600       -26.731200       178.455700      -155.337100       171.437900        88.374590        59.987520        -0.022888
1643124173.0000    310501.500000       -86.862150    309123.800000       152.675600    308592.100000        32.943330       164.667800       -31.375350       177.449000      -159.887400       170.680600        83.824570        59.986970         0.085831
1643124174.0000    310363.200000       -92.489570    309013.600000       147.043200    308479.600000        27.306290       164.196900       -37.300620       177.538600      -165.742900       170.722900        77.773410        59.982380        -0.076904
1643124175.0000    310468.800000       -99.248380    309119.200000       140.284100    308559.300000        20.551740       164.056900       -43.742400       177.144900      -172.423200       169.934000        71.296650        59.981460         0.096359
1643124176.0000    310475.300000      -106.746000    309126.300000       132.786300    308564.900000        13.054660       164.068700       -51.429750       177.363600       179.911400       170.753700        63.820750        59.979370         0.034332
1643124177.0000    310514.500000      -114.748100    309214.400000       124.791700    308646.300000         5.052118       164.039700       -59.304360       177.805400       172.205900       170.389800        56.070520        59.978610         0.056076
1643124178.0000    310486.700000      -122.617300    309154.900000       116.914600    308597.100000        -2.815237       164.577000       -67.210280       177.491600       164.258900       170.409500        48.170460        59.978270         0.045319
1643124179.0000    310393.100000      -131.208900    309075.600000       108.328000    308521.900000       -11.412490       164.546800       -76.034590       177.886900       155.530300       170.921400        39.406740        59.974510         0.000687
