Terminal: LT 525  IVAIPORA ELS - S.SANTIAGO C2
Tensão base: 525 kV
SOC inicial: 1643124120
SOC final: 1643124179
Taxa: 1 fasores/s
Total de frames faltantes: - 

Tempo_(SOC)           VA_mod_(V)     VA_ang_(graus)     VB_mod_(V)     VB_ang_(graus)     VC_mod_(V)     VC_ang_(graus)     IA_mod_(A)     IA_ang_(graus)     IB_mod_(A)     IB_ang_(graus)     IC_mod_(A)     IC_ang_(graus)     Frequência        Delta_Freq     Faltante
1643124120.0000    313265.800000      -105.776000    313514.600000       133.989900    311715.800000        14.001060       452.765000       -89.933990       447.202300       150.835000       446.545300        31.113860        59.974170        -0.006409
1643124121.0000    313129.600000      -114.870800    313483.900000       124.910400    311707.000000         4.895579       453.840400       -98.905880       448.567400       141.743400       446.943300        22.104970        59.974380        -0.025406
1643124122.0000    313126.300000      -124.311600    313351.000000       115.460600    311598.300000        -4.526875       452.491400      -108.349300       447.105600       132.526700       447.234400        12.712690        59.973600         0.042114
1643124123.0000    313206.000000      -134.267100    313578.800000       105.508600    311764.200000       -14.504520       451.189500      -118.370800       445.289800       122.391600       444.956500         2.675150        59.972310        -0.029068
1643124124.0000    313263.900000      -144.463900    313557.900000        95.312190    311796.800000       -24.691990       450.505700      -128.548600       444.945300       112.183100       444.565000        -7.492538        59.971500         0.017166
1643124125.0000    313232.200000      -155.170800    313523.300000        84.590160    311666.800000       -35.402510       451.214500      -139.275800       445.157700       101.490900       445.224100       -18.224170        59.970830         0.047379
1643124126.0000    313099.700000      -166.398700    313469.300000        73.371990    311621.100000       -46.645390       452.155000      -150.376500       446.281400        90.383630       445.630100       -29.273250        59.967440        -0.027008
1643124127.0000    313242.000000      -177.996700    313511.700000        61.775920    311718.600000       -58.220070       453.959300      -162.276200       447.672800        78.556720       447.965900       -41.140360        59.967710         0.011673
1643124128.0000    313262.900000       170.804000    313535.500000        50.586520    311794.100000       -69.413100       450.485600      -173.237000       446.123500        67.527520       445.631000       -52.270470        59.968190        -0.008011
1643124129.0000    313213.700000       159.287300    313540.600000        39.054080    311682.500000       -80.947920       454.913700       175.185700       449.470100        55.833290       448.823500       -63.797380        59.967840         0.029526
1643124130.0000    313329.200000       147.963000    313671.000000        27.740840    311892.100000       -92.271920       452.237800       163.875000       446.780200        44.599800       445.771800       -75.128530        59.969940         0.053329
1643124131.0000    313004.500000       136.358000    313358.100000        16.123340    311524.700000      -103.884100       452.718100       152.394900       446.935100        33.056280       446.012300       -86.565320        59.965110        -0.075989
1643124132.0000    313044.100000       124.057200    313365.800000         3.813939    311487.900000      -116.186800       453.552600       140.106600       447.728100        20.833480       446.882900       -98.823110        59.965560         0.003433
1643124133.0000    313103.300000       111.122800    313466.600000        -9.111365    311582.900000      -129.118400       454.353500       127.027100       448.687700         7.853164       448.262800      -111.884000        59.963260        -0.027237
1643124134.0000    313003.600000        97.579580    313368.800000       -22.664920    311477.900000      -142.672800       454.218000       113.689600       448.138200        -5.730926       446.972700      -125.302100        59.961620         0.024261
1643124135.0000    313211.200000        83.298900    313494.700000       -36.940120    311677.500000      -156.936200       453.573900        99.281940       447.578200       -19.998120       447.138300      -139.674700        59.959820         0.009155
1643124136.0000    313224.300000        68.835540    313527.500000       -51.400940    311678.600000      -171.402300       454.564400        84.684490       448.228200       -34.548340       448.039500      -154.191700        59.959270        -0.054474
1643124137.0000    313197.400000        54.755270    313511.800000       -65.469280    311730.000000       174.525200       454.513000        70.730680       448.845100       -48.556310       448.153500      -168.247100        59.962040         0.025864
1643124138.0000    313335.800000        41.318440    313661.000000       -78.901390    311858.400000       161.091000       455.014900        57.158520       449.281400       -62.135540       448.687900       178.274000        59.964090         0.035019
1643124139.0000    313188.400000        28.586730    313520.300000       -91.646820    311675.400000       148.350200       453.668500        44.477060       448.341400       -74.761830       447.098100       165.519200        59.966400         0.091095
1643124140.0000    313214.900000        15.987370    313553.100000      -104.232700    311759.800000       135.752300       453.885900        31.951560       448.225900       -87.297200       447.734200       152.998200        59.965840         0.017853
1643124141.0000    313223.900000         3.971810    313493.200000      -116.268500    311666.600000       123.734200       454.670700        19.872170       448.523900       -99.354160       448.104200       141.017900        59.967960         0.011902
1643124142.0000    313166.200000        -7.795563    313486.700000      -128.023500    311675.400000       111.973400       454.618100         7.999488       449.041200      -111.205200       448.073400       129.043300        59.967620         0.013275
1643124143.0000    313305.100000       -18.960460    313629.700000      -139.183800    311832.600000       100.810500       453.378000        -3.130922       448.051800      -122.299100       447.375500       117.936500        59.968830        -0.026779
1643124144.0000    313314.000000       -29.452550    313567.500000      -149.683800    311769.200000        90.321210       453.328600       -13.596820       447.496600      -132.776300       447.601300       107.521700        59.971390         0.014648
1643124145.0000    313174.800000       -39.594960    313455.200000      -159.820900    311696.200000        80.177200       455.183000       -23.671590       449.336300      -142.888200       448.940300        97.415860        59.972870         0.019455
1643124146.0000    313160.300000       -49.253570    313391.600000      -169.474800    311657.200000        70.530360       453.610600       -33.252890       447.992100      -152.413900       448.064600        87.859720        59.975010         0.082397
1643124147.0000    313256.000000       -58.805680    313518.700000      -179.038200    311730.100000        60.967940       453.962600       -42.887790       448.563400      -162.062400       448.297100        78.194450        59.973400        -0.011902
1643124148.0000    313238.000000       -68.201600    313451.900000       171.558400    311640.700000        51.574330       452.460400       -52.274500       445.957900      -171.371800       446.731500        68.893390        59.974210        -0.062943
1643124149.0000    313224.100000       -77.239900    313493.200000       162.521200    311658.000000        42.528950       452.676900       -61.272000       447.304500       179.514700       446.424600        59.776850        59.975700         0.003891
1643124150.0000    313367.700000       -85.764670    313583.100000       154.000900    311803.300000        34.011130       454.120600       -69.964320       448.931200       170.815600       448.571400        51.117450        59.977680         0.026779
1643124151.0000    313326.000000       -93.291920    313624.700000       146.486100    311860.900000        26.479990       454.334900       -77.617850       448.460300       163.158000       448.406400        43.499700        59.980690         0.025635
1643124152.0000    313389.700000      -100.257100    313697.200000       139.513300    311873.200000        19.510900       453.957600       -84.454310       448.092300       156.324100       448.017500        36.641700        59.981420        -0.020142
1643124153.0000    313186.000000      -106.682600    313560.900000       133.091700    311745.500000        13.075560       453.231900       -90.627020       447.928600       150.043500       446.756100        30.405480        59.982510         0.013962
1643124154.0000    313272.500000      -112.521500    313553.600000       127.237700    311717.500000         7.242711       450.462900       -96.673310       445.190500       144.103300       444.293900        24.525840        59.984730        -0.017624
1643124155.0000    313324.400000      -117.613700    313616.300000       122.156000    311814.400000         2.162557       451.749900      -101.854600       446.641700       138.943500       446.174900        19.167140        59.987230         0.018311
1643124156.0000    313329.000000      -121.759300    313668.000000       118.014000    311878.200000        -1.990715       447.845700      -105.956000       441.981700       134.792800       441.652100        15.135050        59.988690        -0.019226
1643124157.0000    313339.800000      -125.693700    313629.900000       114.081000    311882.700000        -5.921364       449.045300      -109.784300       444.098500       131.044500       443.179000        11.306340        59.990310         0.041656
1643124158.0000    313364.600000      -129.115800    313651.000000       110.657400    311876.800000        -9.341040       449.879900      -113.238400       444.454300       127.579200       444.153900         7.864213        59.992210        -0.006409
1643124159.0000    313276.400000      -131.508100    313628.700000       108.269500    311838.900000       -11.740570       449.364900      -115.682800       443.904300       125.076100       443.585900         5.398222        59.993350        -0.015793
1643124160.0000    313375.900000      -133.286000    313678.400000       106.481800    311848.000000       -13.515750       449.956700      -117.506900       443.716000       123.270800       443.887100         3.564784        59.996140        -0.030670
1643124161.0000    313252.600000      -134.203400    313574.700000       105.571800    311793.400000       -14.429020       447.665000      -118.271800       442.986800       122.526100       442.435800         2.783056        59.997990         0.002060
1643124162.0000    313215.400000      -134.763400    313563.700000       105.005000    311729.800000       -15.000700       450.370200      -118.926300       444.512000       121.792300       443.963700         2.125737        59.998250        -0.066147
1643124163.0000    313089.200000      -134.859900    313360.000000       104.904300    311555.100000       -15.089560       450.435300      -118.850600       444.420200       121.891900       444.135100         2.246314        60.000910         0.045547
1643124164.0000    313214.900000      -134.852100    313539.700000       104.907100    311684.100000       -15.088970       449.730800      -118.953600       443.678900       121.817900       443.699200         2.160171        60.000790         0.001831
1643124165.0000    313196.800000      -134.854900    313533.100000       104.910300    311704.800000       -15.091890       448.613600      -118.840800       442.845800       121.970100       442.686100         2.254539        59.999200         0.004120
1643124166.0000    313083.500000      -135.263800    313362.000000       104.515000    311614.500000       -15.486730       449.428700      -119.260700       444.288900       121.430300       443.289100         1.750037        59.997760        -0.018539
1643124167.0000    313090.900000      -136.252000    313461.800000       103.508400    311554.800000       -16.499130       450.330300      -120.243600       445.528400       120.537100       444.268800         0.790067        59.998000         0.037994
1643124168.0000    313195.800000      -137.392400    313552.400000       102.364400    311646.800000       -17.640160       447.983800      -121.461600       442.642900       119.285600       441.678200        -0.410281        59.996270        -0.011215
1643124169.0000    313086.100000      -139.354400    313450.100000       100.423800    311667.000000       -19.594430       450.406300      -123.461100       444.411300       117.295400       444.228500        -2.360968        59.994290         0.024033
1643124170.0000    313090.300000      -141.877200    313405.200000        97.893080    311602.600000       -22.106510       449.017000      -125.850900       442.935300       114.845400       442.560500        -4.832049        59.991200        -0.014420
1643124171.0000    313054.900000      -145.103800    313391.700000        94.656270    311555.600000       -25.351330       450.258500      -128.902500       444.635500       111.800900       444.006300        -7.898026        59.989260        -0.040512
1643124172.0000    313106.900000      -149.033800    313378.800000        90.729350    311563.000000       -29.266230       450.593800      -133.044000       444.801500       107.655100       443.795200       -11.989390        59.988270         0.023575
1643124173.0000    313040.400000      -153.802600    313403.100000        85.970490    311585.400000       -34.041980       450.013500      -137.538100       444.610100       103.166500       443.206900       -16.502340        59.984870        -0.045319
1643124174.0000    313002.800000      -159.723200    313285.400000        80.041270    311473.900000       -39.957850       451.144600      -143.520300       445.766900        97.251980       445.325900       -22.522750        59.982770         0.022659
1643124175.0000    313056.300000      -166.331300    313364.800000        73.439250    311551.000000       -46.568500       451.253500      -150.163900       445.171800        90.614070       444.939900       -29.058950        59.979970        -0.034790
1643124176.0000    312989.500000      -173.820500    313315.000000        65.959290    311564.400000       -54.055460       450.430400      -157.491500       444.971200        83.173070       444.183000       -36.485110        59.977460        -0.062943
1643124177.0000    313198.000000       178.427600    313452.900000        58.185740    311644.500000       -61.805670       449.712500      -165.639600       444.091300        75.128860       443.866500       -44.521320        59.978740        -0.030899
1643124178.0000    313073.600000       170.424100    313323.400000        50.197560    311566.900000       -69.803170       450.071500      -173.426100       445.051800        67.354500       444.622700       -52.366370        59.977920         0.051041
1643124179.0000    313039.600000       161.640200    313372.300000        41.412360    311570.400000       -78.602090       451.422000       177.857400       445.993400        58.593180       444.934700       -61.077820        59.975730         0.045090
