Terminal: LT 500  IBICOARA - POCOES III CL5
Tensão base: 500 kV
SOC inicial: 1643124120
SOC final: 1643124179
Taxa: 1 fasores/s
Total de frames faltantes: - 

Tempo_(SOC)           VA_mod_(V)     VA_ang_(graus)     VB_mod_(V)     VB_ang_(graus)     VC_mod_(V)     VC_ang_(graus)     IA_mod_(A)     IA_ang_(graus)     IB_mod_(A)     IB_ang_(graus)     IC_mod_(A)     IC_ang_(graus)     Frequência        Delta_Freq     Faltante
1643124120.0000    305951.400000        77.070980    306832.200000      -163.111600    306230.000000       -42.814990       560.061200       -95.370000       564.540600        23.959670       573.051200       144.643900        59.974580        -0.030441
1643124121.0000    305950.700000        68.061540    306816.500000      -172.112200    306192.800000       -51.825720       559.599400      -104.499600       564.676300        14.923200       572.786100       135.391000        59.974170        -0.015564
1643124122.0000    305893.500000        58.601540    306784.700000       178.427100    306144.700000       -61.280900       559.793800      -113.946100       565.234700         5.297661       574.383600       125.947400        59.973770         0.022888
1643124123.0000    305794.000000        48.608480    306669.400000       168.433700    306035.800000       -71.272960       561.543900      -124.102700       565.385000        -4.722672       574.097300       115.784400        59.972260         0.011215
1643124124.0000    305848.200000        38.275900    306734.300000       158.096700    306102.500000       -81.608160       561.263100      -134.415100       565.486800       -15.045890       574.156600       105.418100        59.971230        -0.003891
1643124125.0000    305813.200000        27.630210    306664.700000       147.455800    306048.300000       -92.254780       561.114300      -145.049200       565.363900       -25.764550       573.552900        94.911870        59.969930         0.004578
1643124126.0000    305815.100000        16.496420    306715.700000       136.316300    306115.000000      -103.389900       560.877400      -156.038700       564.898200       -36.725630       574.467300        83.901580        59.968520        -0.011902
1643124127.0000    305818.300000         4.927853    306707.800000       124.749500    306084.700000      -114.958400       560.793500      -167.719000       565.163800       -48.408120       573.835400        72.207210        59.966550        -0.020370
1643124128.0000    305965.400000        -6.474535    306846.400000       113.347400    306232.900000      -126.364500       559.704100      -178.978700       565.136700       -59.759780       573.441200        60.896920        59.970080         0.057907
1643124129.0000    305817.700000       -17.651680    306697.300000       102.165800    306100.400000      -137.538900       561.551900       169.747200       566.134800       -70.967740       574.908300        49.543570        59.969080         0.013962
1643124130.0000    305861.800000       -29.148480    306745.800000        90.678930    306117.600000      -149.029600       560.275200       158.255400       565.362100       -82.384130       574.404200        38.236170        59.967650        -0.008698
1643124131.0000    305787.000000       -40.639930    306695.000000        79.178600    306060.600000      -160.525500       560.152800       146.795000       565.150900       -93.853810       574.245100        26.767230        59.965910        -0.068893
1643124132.0000    305776.100000       -52.713260    306645.800000        67.110030    306031.100000      -172.600500       560.309800       134.691900       565.964100      -106.033200       574.555500        14.566690        59.965880        -0.009384
1643124133.0000    305770.100000       -65.840910    306673.600000        53.977990    306056.000000       174.274400       561.738200       121.613600       565.710200      -119.067600       574.130400         1.587919        59.962380         0.027466
1643124134.0000    305808.100000       -79.467950    306702.000000        40.351020    306089.900000       160.645000       560.535800       107.976500       566.157000      -132.701200       574.806600       -12.053910        59.962130        -0.019684
1643124135.0000    305725.500000       -93.624690    306647.900000        26.189460    306030.300000       146.486600       561.621800        93.701210       565.960500      -146.891800       575.172800       -26.219380        59.959500        -0.008240
1643124136.0000    305860.700000      -108.222600    306751.200000        11.595140    306150.200000       131.891200       561.678300        79.294620       564.793900      -161.469300       574.392100       -40.788410        59.959490        -0.011902
1643124137.0000    305841.800000      -122.063200    306724.800000        -2.240872    306107.100000       118.053800       560.123000        65.351450       564.586200      -175.396500       573.301600       -54.652190        59.962250         0.029526
1643124138.0000    305766.100000      -135.334000    306658.100000       -15.513020    306029.800000       104.782800       560.392300        51.975120       565.485200       171.339400       573.920200       -68.127860        59.964110         0.025635
1643124139.0000    305864.600000      -148.227700    306736.300000       -28.401800    306113.900000        91.889130       560.951600        39.163250       565.035000       158.518100       574.254500       -80.924860        59.965070         0.058594
1643124140.0000    305698.500000      -160.654500    306566.900000       -40.835450    305956.800000        79.456970       562.279700        26.517840       566.843600       145.811500       575.717400       -93.535160        59.964860        -0.001602
1643124141.0000    305735.900000      -172.769700    306642.800000       -52.947560    306001.000000        67.344330       562.304700        14.489350       566.783300       133.827600       574.834700      -105.631600        59.966970         0.036621
1643124142.0000    305699.400000       175.582700    306572.500000       -64.588870    305938.400000        55.701260       562.115200         2.815245       567.132000       122.112200       575.709700      -117.331500        59.967820        -0.012817
1643124143.0000    305740.800000       164.381200    306613.800000       -75.797390    306004.800000        44.494300       561.301200        -8.400681       565.958400       110.906600       575.426100      -128.518900        59.970710         0.036163
1643124144.0000    305770.500000       153.802500    306613.600000       -86.365340    305979.600000        33.916900       563.631000       -18.912000       567.372700       100.373700       576.365500      -139.065400        59.971950         0.024261
1643124145.0000    305691.700000       143.860400    306547.300000       -96.318050    305936.000000        23.970090       562.511500       -28.913790       568.534200        90.456140       576.513900      -148.977700        59.971580        -0.109863
1643124146.0000    305671.800000       134.190600    306528.200000      -105.985600    305912.700000        14.301110       563.074200       -38.526050       567.339700        80.682940       575.930100      -158.666200        59.973230        -0.012817
1643124147.0000    305651.300000       124.706000    306566.000000      -115.469400    305921.600000         4.825948       562.154800       -48.107440       566.885400        71.154060       576.933700      -168.053000        59.974550         0.062027
1643124148.0000    305677.500000       115.179200    306616.500000      -124.995100    305963.700000        -4.697043       562.242600       -57.636780       566.523300        61.628520       575.553300      -177.697600        59.974660         0.056076
1643124149.0000    305736.100000       106.111400    306661.500000      -134.068200    306040.000000       -13.767410       561.162200       -66.660110       566.598900        52.692690       575.273900       173.363200        59.975660         0.013733
1643124150.0000    305843.500000        97.538800    306754.500000      -142.641800    306137.600000       -22.344360       560.093100       -75.062160       565.134900        44.225800       574.926100       164.945900        59.976870        -0.014877
1643124151.0000    305830.300000        89.892510    306794.300000      -150.289100    306145.300000       -29.984030       560.985600       -82.705770       565.038000        36.594110       575.133500       157.226200        59.980260         0.038910
1643124152.0000    305735.100000        83.044960    306676.200000      -157.141100    306063.900000       -36.833540       562.893300       -89.665060       566.750500        29.631540       575.722900       150.194400        59.981970         0.030670
1643124153.0000    305779.200000        76.566020    306726.100000      -163.617200    306102.200000       -43.316690       562.081600       -96.148850       566.520400        23.254580       576.062000       143.702700        59.982520         0.036621
1643124154.0000    305908.900000        70.517200    306876.100000      -169.666100    306255.300000       -49.360390       560.590500      -101.930300       565.815400        17.336260       574.183700       138.004300        59.985450         0.043488
1643124155.0000    305917.000000        65.519250    306851.600000      -174.667700    306239.300000       -54.364840       560.948200      -106.979800       564.927100        12.271690       573.119400       132.971200        59.987170         0.041656
1643124156.0000    305856.300000        61.206210    306836.400000      -178.975600    306177.300000       -58.668500       561.005900      -111.386100       565.616100         7.880981       575.145900       128.542800        59.989210        -0.012817
1643124157.0000    305819.000000        57.479930    306748.800000       177.300500    306118.700000       -62.399040       561.743600      -115.189800       567.388100         4.134748       575.426600       124.671000        59.989560        -0.031815
1643124158.0000    306004.800000        53.949070    306954.300000       173.770400    306327.200000       -65.925270       561.085300      -118.462500       564.423900         0.906584       573.673100       121.462400        59.992000         0.009842
1643124159.0000    306030.200000        51.426110    306973.000000       171.247100    306332.900000       -68.451100       560.328400      -120.948000       564.588700        -1.605664       573.852800       118.900200        59.994040        -0.015106
1643124160.0000    305916.400000        49.825990    306875.700000       169.639000    306271.800000       -70.051510       560.904400      -122.702800       564.832100        -3.335368       574.675700       117.267300        59.996400        -0.032501
1643124161.0000    306087.400000        48.744150    307048.200000       168.558600    306420.800000       -71.133070       560.133500      -123.551200       564.424300        -4.264343       573.736500       116.243600        59.998330         0.055847
1643124162.0000    306013.900000        48.367970    306958.100000       168.178400    306369.100000       -71.516240       560.150900      -124.100500       565.006100        -4.756292       573.436600       115.876600        59.999160        -0.021744
1643124163.0000    306029.400000        48.365940    306968.400000       168.180600    306352.300000       -71.515220       559.897600      -124.056400       564.335400        -4.694756       572.621400       115.876000        60.000720        -0.026779
1643124164.0000    306028.100000        48.340980    306968.100000       168.157800    306348.200000       -71.540770       559.915200      -124.155200       563.900700        -4.785766       573.988700       115.784300        59.999990         0.037994
1643124165.0000    306103.800000        48.125240    307064.300000       167.944000    306450.200000       -71.751380       558.970800      -124.167500       563.913800        -4.860700       571.899500       115.759500        60.000080         0.152435
1643124166.0000    305993.300000        47.975750    306918.700000       167.795800    306291.300000       -71.906220       558.950900      -124.519800       564.488800        -5.128692       572.382700       115.445800        60.001050         0.110321
1643124167.0000    306037.700000        47.119940    306896.000000       166.933700    306330.300000       -72.769750       559.571400      -125.173500       562.833600        -5.899127       572.914400       114.725900        59.997070         0.016937
1643124168.0000    306133.100000        45.497870    307015.200000       165.315500    306413.900000       -74.391490       558.110200      -126.745000       562.090900        -7.421388       570.997300       113.190700        59.995970         0.046692
1643124169.0000    306063.000000        43.701560    306933.400000       163.519400    306364.800000       -76.190050       557.612000      -128.639600       563.217500        -9.291549       572.440600       111.383100        59.994030         0.002060
1643124170.0000    306096.500000        41.059680    306937.800000       160.879100    306367.400000       -78.829500       558.964800      -131.182400       563.847500       -11.894630       572.471400       108.632400        59.991280        -0.083313
1643124171.0000    306073.500000        37.988500    306949.800000       157.806500    306373.500000       -81.903160       557.621800      -134.321000       562.112700       -15.015400       571.030000       105.757900        59.991360         0.041199
1643124172.0000    306027.300000        34.134110    306889.400000       153.952100    306327.500000       -85.758670       558.206800      -138.234100       562.063500       -18.845760       570.863100       101.662500        59.988470        -0.009155
1643124173.0000    306092.800000        29.306360    306949.400000       149.123900    306387.400000       -90.581170       557.906300      -143.025500       561.762000       -23.521030       569.987400        96.905010        59.985910         0.059967
1643124174.0000    305991.500000        23.679250    306902.600000       143.500200    306286.000000       -96.204030       558.028300      -148.629500       561.335900       -29.249060       569.373500        91.263730        59.983350        -0.059280
1643124175.0000    306077.100000        16.920610    306949.800000       136.738500    306377.500000      -102.967000       557.215100      -155.310600       561.095300       -36.084670       569.168000        84.537560        59.980530         0.078964
1643124176.0000    306150.300000         9.442969    307015.800000       129.262000    306427.300000      -110.445600       554.949300      -162.662300       559.983500       -43.436500       568.164400        77.290090        59.978940         0.018997
1643124177.0000    306217.000000         1.444885    307086.800000       121.268600    306484.500000      -118.439800       554.614700      -170.664100       559.082900       -51.302720       567.550500        69.288190        59.978040         0.032730
1643124178.0000    306144.600000        -6.428849    307066.300000       113.390600    306462.700000      -126.309700       554.739400      -178.571200       559.040200       -59.217560       567.672300        61.403880        59.978560         0.075073
1643124179.0000    306057.900000       -15.019700    306951.200000       104.804900    306315.600000      -134.899000       555.256600       172.775600       560.011800       -67.857440       569.033700        52.722650        59.974720         0.025177
