Terminal: LT 525  C.NOVOS - MACHADINHO C1
Tensão base: 525 kV
SOC inicial: 1643124120
SOC final: 1643124179
Taxa: 1 fasores/s
Total de frames faltantes: - 

Tempo_(SOC)           VA_mod_(V)     VA_ang_(graus)     VB_mod_(V)     VB_ang_(graus)     VC_mod_(V)     VC_ang_(graus)     IA_mod_(A)     IA_ang_(graus)     IB_mod_(A)     IB_ang_(graus)     IC_mod_(A)     IC_ang_(graus)     Frequência        Delta_Freq     Faltante
1643124120.0000    311439.600000      -128.944100    312427.100000       110.948400    311096.900000        -9.200044       457.646900        65.701120       472.221700       -56.715160       450.069700      -178.342800        59.975200         0.002289
1643124121.0000    311379.700000      -138.060900    312350.500000       101.837100    311081.100000       -18.311100       457.607100        56.604320       471.286300       -65.797680       449.912700       172.694300        59.973960        -0.043716
1643124122.0000    311404.800000      -147.507300    312396.700000        92.391110    311106.700000       -27.764710       457.840500        47.165620       472.099900       -75.212810       450.403000       163.217200        59.973290         0.046234
1643124123.0000    311392.800000      -157.419500    312399.200000        82.507300    311230.300000       -37.662160       458.268500        37.308850       472.042000       -85.070550       450.668100       153.408800        59.972270         0.019684
1643124124.0000    311462.500000      -167.603100    312449.000000        72.310780    311246.000000       -47.845780       457.966000        27.150940       471.901500       -95.243080       450.110600       143.233200        59.971810         0.037994
1643124125.0000    311416.500000      -178.319700    312420.300000        61.563550    311065.200000       -58.584290       458.435800        16.314550       472.701500      -106.061900       450.708300       132.306300        59.971260         0.093384
1643124126.0000    311392.800000       170.440600    312406.000000        50.345930    311154.400000       -69.814200       458.005800         5.094887       472.337900      -117.260200       450.383400       121.159500        59.967800        -0.021057
1643124127.0000    311311.300000       158.789100    312268.000000        38.710520    311120.800000       -81.449460       457.793300        -6.556891       471.808200      -128.959300       449.908200       109.541600        59.967610         0.030670
1643124128.0000    311434.000000       147.651400    312441.800000        27.547660    311134.600000       -92.606920       458.203400       -17.705320       472.667100      -140.086100       450.633700        98.314980        59.968540        -0.011902
1643124129.0000    311425.300000       136.060200    312411.600000        15.945230    311065.000000      -104.198200       457.831000       -29.341920       472.296000      -151.740400       450.350100        86.630870        59.968530         0.021057
1643124130.0000    311505.100000       124.811800    312472.200000         4.726864    311277.000000      -115.431700       457.802500       -40.458250       471.618200      -162.850300       449.944900        75.651790        59.969350         0.053329
1643124131.0000    311284.000000       113.153500    312234.400000        -6.956301    310926.000000      -127.100200       458.124800       -52.275040       472.711200      -174.644100       450.718600        63.733940        59.966860         0.031815
1643124132.0000    311306.800000       100.850000    312329.800000       -19.268440    310951.600000      -139.420900       457.903100       -64.559290       472.701800       173.043000       450.243700        51.424000        59.965560        -0.012817
1643124133.0000    311295.200000        87.907490    312360.900000       -32.192740    311063.300000      -152.359300       457.838700       -77.522990       472.092500       160.145700       450.557600        38.543320        59.962070        -0.096588
1643124134.0000    311305.800000        74.367840    312256.100000       -45.756670    310881.100000      -165.888400       457.737200       -90.989370       472.345200       146.571900       450.455100        24.984070        59.960980        -0.029297
1643124135.0000    311440.800000        60.112800    312377.000000       -59.991230    311116.200000       179.863200       457.562100      -105.202200       471.673900       132.413400       449.708000        10.847940        59.960270         0.007324
1643124136.0000    311398.700000        45.613480    312406.400000       -74.483810    311134.100000       165.360000       457.583400      -119.702600       471.555600       117.899300       449.647700        -3.626075        59.959390        -0.020828
1643124137.0000    311446.300000        31.555970    312375.600000       -88.546650    311131.100000       151.307500       457.613300      -133.875900       471.600300       103.721000       449.408800       -17.813880        59.962460         0.031128
1643124138.0000    311527.200000        18.109510    312472.600000      -101.980700    311295.200000       137.865200       457.177700      -147.238500       470.915600        90.342960       449.266400       -31.175530        59.964500         0.011902
1643124139.0000    311320.500000         5.377055    312317.900000      -114.738700    310955.000000       125.110800       458.110100      -160.042500       472.729600        77.555020       450.821200       -44.057960        59.965000         0.021973
1643124140.0000    311369.200000        -7.217416    312415.300000      -127.303800    311178.200000       112.527100       457.926100      -172.601700       471.617500        65.005940       449.944500       -56.552490        59.966010         0.023346
1643124141.0000    311374.500000       -19.255550    312315.600000      -139.355300    311075.900000       100.496300       458.978100       175.228900       472.820400        52.816600       450.910900       -68.769620        59.967210         0.014191
1643124142.0000    311326.200000       -31.023850    312312.800000      -151.132000    311036.900000        88.720470       457.793000       163.554900       472.405800        41.175440       450.677900       -80.495030        59.967770         0.040283
1643124143.0000    311369.300000       -42.158970    312411.900000      -162.245300    311188.800000        77.587260       458.040800       152.354100       472.179100        30.003930       450.544900       -91.541760        59.969430         0.011673
1643124144.0000    311495.400000       -52.646350    312428.700000      -172.743300    311215.700000        67.109920       457.558600       141.965800       471.479900        19.571430       449.771900      -101.961400        59.971410        -0.003204
1643124145.0000    311392.700000       -62.827050    312329.100000       177.073500    311097.600000        56.923780       457.661900       131.690800       471.517300         9.298849       449.641900      -112.220100        59.972060        -0.014877
1643124146.0000    311364.200000       -72.476410    312314.300000       167.436200    311134.800000        47.283450       458.816500       121.965000       472.621300        -0.423977       450.930600      -121.940600        59.974790         0.057907
1643124147.0000    311473.500000       -82.011440    312449.800000       157.885800    311204.200000        37.736160       457.679600       112.545500       471.633900        -9.832495       449.769500      -131.383900        59.973260        -0.023575
1643124148.0000    311409.500000       -91.382960    312385.500000       148.510800    311122.400000        28.361630       458.308100       103.180900       472.356500       -19.203490       450.456600      -140.760400        59.973630        -0.062943
1643124149.0000    311425.100000      -100.435100    312388.300000       139.453700    311106.200000        19.307360       457.775600        94.136870       472.392800       -28.288320       450.391100      -149.838700        59.975900         0.008469
1643124150.0000    311494.800000      -109.004400    312430.000000       130.884800    311136.100000        10.741820       457.803000        85.503070       472.352600       -36.907460       450.124900      -158.498600        59.977590         0.016937
1643124151.0000    311306.500000      -116.547300    312276.900000       123.365200    311092.300000         3.207442       458.287100        77.918690       472.103700       -44.458070       450.378300      -166.031500        59.979980         0.003204
1643124152.0000    311457.500000      -123.481700    312435.100000       116.427500    311202.600000        -3.731287       457.501300        71.079380       471.645100       -51.299320       449.757600      -172.864000        59.981330        -0.019684
1643124153.0000    311482.800000      -129.896000    312493.500000       110.000600    311203.800000       -10.159310       457.704800        64.623430       471.733000       -57.746910       450.176500      -179.342700        59.983630         0.019684
1643124154.0000    311416.800000      -135.721900    312415.000000       104.163900    311086.300000       -15.983050       457.894700        58.771760       472.720700       -63.608500       450.424600       174.791400        59.985240         0.005722
1643124155.0000    311389.600000      -140.879400    312389.800000        99.013700    311090.800000       -21.142200       457.649500        53.615590       472.005400       -68.784560       450.349600       169.665600        59.988270         0.016022
1643124156.0000    311320.700000      -144.954800    312337.700000        94.958380    311124.500000       -25.207440       458.448000        49.569460       472.344800       -72.797940       450.865600       165.613200        59.988610         0.014420
1643124157.0000    311471.500000      -148.902900    312474.500000        90.994140    311187.600000       -29.160380       458.266400        45.619480       472.548100       -76.739470       450.575700       161.673800        59.990440         0.026093
1643124158.0000    311442.900000      -152.339100    312429.400000        87.559270    311159.400000       -32.592260       458.390200        42.145900       472.649000       -80.234410       450.596300       158.197700        59.992730         0.045090
1643124159.0000    311292.200000      -154.746200    312301.000000        85.165590    311094.000000       -34.996690       458.794400        39.646990       472.451300       -82.744060       450.933700       155.717300        59.993730        -0.017853
1643124160.0000    311433.400000      -156.529200    312405.700000        83.369800    311122.400000       -36.784910       458.752700        37.911700       473.161100       -84.468030       451.341500       153.933400        59.996540        -0.032959
1643124161.0000    311366.600000      -157.421300    312392.600000        82.480580    311113.300000       -37.676520       459.087700        37.048610       473.575800       -85.329180       451.603500       153.114800        59.997330        -0.042343
1643124162.0000    311265.000000      -158.037800    312279.800000        81.857470    310967.800000       -38.296920       458.212900        36.357470       472.739900       -86.032670       451.034200       152.333200        59.997680        -0.059738
1643124163.0000    311247.700000      -158.153000    312192.000000        81.746740    310945.000000       -38.397500       458.853400        36.189950       473.430300       -86.245300       451.153800       152.175700        60.000120         0.000916
1643124164.0000    311295.400000      -158.111700    312338.700000        81.780230    311009.000000       -38.376780       458.154400        36.277720       472.937700       -86.045780       451.355200       152.273700        60.000800         0.006866
1643124165.0000    311338.300000      -158.082700    312399.500000        81.820820    311117.400000       -38.343940       458.499400        36.360730       472.709700       -85.993770       450.928500       152.400400        59.999390         0.004578
1643124166.0000    311252.800000      -158.529700    312129.900000        81.368180    310914.200000       -38.768730       459.794100        35.907830       473.586600       -86.470180       451.795400       151.982300        59.997410        -0.025406
1643124167.0000    311185.900000      -159.501900    312279.700000        80.383730    310905.800000       -39.780620       458.425800        34.900170       473.028400       -87.457890       451.194100       150.907200        59.999000         0.074387
1643124168.0000    311218.500000      -160.597300    312350.600000        79.284150    310949.300000       -40.884490       458.816800        33.853030       473.280900       -88.437870       451.894300       149.916600        59.994820        -0.011215
1643124169.0000    311115.500000      -162.635300    312157.800000        77.292870    311010.900000       -42.880690       459.415300        31.753790       473.218500       -90.593400       452.000600       147.851500        59.993750         0.020142
1643124170.0000    311233.800000      -165.113000    312186.800000        74.782780    310945.800000       -45.361140       459.193500        29.452050       473.285300       -92.970090       451.434100       145.480100        59.991900         0.026550
1643124171.0000    311313.200000      -168.334900    312349.000000        71.553850    311011.500000       -48.601800       459.037400        26.219480       473.342100       -96.211230       451.526000       142.211200        59.990470         0.017395
1643124172.0000    311246.800000      -172.300900    312156.100000        67.589380    310885.900000       -52.547180       459.733600        22.198600       474.024400      -100.245400       451.783000       138.175600        59.988140         0.034561
1643124173.0000    311328.000000      -177.018600    312331.400000        62.878500    311038.400000       -57.279180       459.778800        17.480780       474.239600      -104.905400       452.075400       133.499600        59.986050        -0.009155
1643124174.0000    311195.700000       177.032900    312252.800000        56.913100    310873.300000       -63.238430       459.983800        11.504390       474.612100      -110.924800       452.306500       127.465800        59.982190        -0.021515
1643124175.0000    311263.000000       170.426600    312301.200000        50.330860    311042.800000       -69.831020       460.068800         4.934295       473.906600      -117.483500       452.154600       120.961600        59.980160        -0.028839
1643124176.0000    311289.300000       162.966600    312303.000000        42.871690    311057.400000       -77.287970       460.059900        -2.560866       473.636100      -124.964700       452.091000       113.511800        59.978090        -0.013046
1643124177.0000    311252.700000       155.195800    312228.000000        35.077390    310888.200000       -85.063870       459.834100       -10.275710       473.938200      -132.708400       452.058800       105.730000        59.978030        -0.050812
1643124178.0000    311213.600000       147.185900    312215.100000        27.083340    310909.900000       -93.068180       459.690800       -18.366700       474.349500      -140.753600       452.223300        97.606120        59.977710         0.058365
1643124179.0000    311264.000000       138.410200    312323.800000        18.307860    311022.200000      -101.852400       459.753400       -27.121420       474.214700      -149.517200       452.568400        88.885350        59.975090        -0.007095
