Terminal: LT 525  AREIA - CURITIBA C1
Tensão base: 525 kV
SOC inicial: 1643124120
SOC final: 1643124179
Taxa: 1 fasores/s
Total de frames faltantes: - 

Tempo_(SOC)           VA_mod_(V)     VA_ang_(graus)     VB_mod_(V)     VB_ang_(graus)     VC_mod_(V)     VC_ang_(graus)     IA_mod_(A)     IA_ang_(graus)     IB_mod_(A)     IB_ang_(graus)     IC_mod_(A)     IC_ang_(graus)     Frequência        Delta_Freq     Faltante
1643124120.0000    312978.100000      -113.319900    315032.900000       126.729700    313823.000000         6.597841       665.453700      -103.076500       656.752400       137.408300       668.823200        17.271100        59.975070         0.003433
1643124121.0000    312917.700000      -122.425500    315073.500000       117.648000    313932.200000        -2.510090       666.831400      -112.117600       654.275800       128.613100       670.875700         8.618776        59.974770        -0.013046
1643124122.0000    312875.400000      -131.864300    314975.900000       108.204900    313833.000000       -11.942590       668.031100      -121.553000       655.766300       119.101600       671.132000        -0.852735        59.973120         0.018082
1643124123.0000    312901.800000      -141.798300    315086.300000        98.277420    313953.600000       -21.886120       667.710900      -131.435200       655.262900       109.250500       671.563700       -10.751250        59.973110         0.022888
1643124124.0000    312988.300000      -151.986400    315112.000000        88.087390    313970.900000       -32.062860       667.585300      -141.561200       655.400500        99.012020       670.049400       -20.887220        59.971330         0.008011
1643124125.0000    312904.100000      -162.700200    315002.100000        77.346020    313763.900000       -42.788940       667.143600      -152.539000       657.646400        88.009090       670.856900       -32.123800        59.970360         0.033188
1643124126.0000    312890.800000      -173.941100    315058.400000        66.118480    313826.800000       -54.034280       666.296300      -163.702300       657.341300        76.910580       671.314300       -43.286770        59.968170        -0.000916
1643124127.0000    312892.400000       174.432600    314975.900000        54.519940    313903.600000       -65.632350       668.344300      -175.450400       653.733300        65.118010       670.123800       -54.615050        59.967380         0.009842
1643124128.0000    312939.100000       163.275200    315035.500000        43.338270    313865.100000       -76.802150       667.372100       173.455200       656.861300        54.045540       670.880800       -66.027280        59.967950         0.000000
1643124129.0000    312916.700000       151.725900    315041.700000        31.771960    313792.400000       -88.364470       665.699100       161.919600       656.682400        42.507270       670.199000       -77.633530        59.967700         0.003891
1643124130.0000    313065.000000       140.429900    315173.000000        20.508370    314079.600000       -99.650630       666.983700       150.898300       653.950200        31.562660       669.625100       -88.370760        59.970240         0.091095
1643124131.0000    312767.600000       128.814900    314909.300000         8.865501    313657.000000      -111.278900       666.400700       138.898300       656.759100        19.602710       671.243000      -100.611000        59.967390         0.013504
1643124132.0000    312803.200000       116.508000    314927.900000        -3.452339    313648.600000      -123.584500       666.171700       126.660600       657.496000         7.219510       669.986500      -112.977100        59.965770        -0.001602
1643124133.0000    312798.500000       103.564700    315010.500000       -16.378440    313747.000000      -136.538500       665.136800       113.539100       654.994800        -5.595100       671.694500      -125.852300        59.962440        -0.090408
1643124134.0000    312817.900000        90.027690    314913.300000       -29.932470    313657.800000      -150.065100       665.565900       100.161900       656.009100       -19.293350       669.195100      -139.400900        59.961560        -0.014420
1643124135.0000    312969.900000        75.756300    315079.800000       -44.190110    313872.000000      -164.329100       666.462000        86.066780       655.850100       -33.329690       670.169000      -153.401000        59.959980        -0.011902
1643124136.0000    312945.100000        61.274230    315073.100000       -58.658110    313899.800000      -178.808800       666.550500        71.588940       653.992200       -47.774900       669.453200      -167.770900        59.959330        -0.028839
1643124137.0000    312931.600000        47.200390    314970.400000       -72.729870    313844.900000       167.128600       666.967500        57.260710       655.109600       -62.256420       669.232600       177.870200        59.962860         0.058136
1643124138.0000    313081.500000        33.759570    315183.300000       -86.162560    314081.200000       153.686600       666.871600        44.065850       653.019900       -75.326470       668.914900       164.801200        59.963760        -0.032501
1643124139.0000    312840.900000        21.035600    314977.400000       -98.915230    313700.200000       140.943100       667.147100        31.071070       657.586100       -88.334040       671.550700       151.509400        59.965520         0.051956
1643124140.0000    312947.300000         8.433717    315113.900000      -111.496100    313950.200000       128.348700       667.098900        18.662860       655.241800      -100.667200       670.599100       139.310100        59.966290         0.042801
1643124141.0000    312835.000000        -3.599356    314914.100000      -123.539200    313761.800000       116.320800       668.248500         6.229612       656.667200      -113.268200       670.783000       126.803100        59.967360         0.013733
1643124142.0000    312840.300000       -15.356410    314961.200000      -135.308100    313711.700000       104.550200       665.241200        -5.329521       656.754500      -124.731300       670.275000       115.031400        59.967240        -0.004578
1643124143.0000    312922.800000       -26.513360    315087.700000      -146.443800    313922.300000        93.398400       667.812600       -16.337990       656.275300      -135.632400       671.989600       104.298800        59.969080        -0.000916
1643124144.0000    312988.400000       -36.999580    315093.400000      -156.933400    313931.500000        82.922220       666.898800       -26.675870       654.911100      -146.054600       670.246800        93.978210        59.970860        -0.011215
1643124145.0000    312862.300000       -47.165970    314981.300000      -167.088900    313853.400000        72.758880       667.551500       -37.163200       653.533100      -156.477400       670.309400        83.640640        59.972230        -0.007553
1643124146.0000    312839.700000       -56.811150    314925.000000      -176.737600    313820.600000        63.117870       669.111000       -46.845390       656.699600      -166.272800       672.034900        73.821050        59.974790         0.068665
1643124147.0000    312932.300000       -66.364990    315026.000000       173.697100    313848.600000        53.554710       668.051500       -56.249890       656.538900      -175.678600       671.408900        64.343130        59.973090        -0.024261
1643124148.0000    312867.400000       -75.739940    314957.300000       164.317000    313766.600000        44.181640       669.074200       -65.736020       657.264900       174.803000       671.514100        54.802290        59.973160        -0.095215
1643124149.0000    312889.400000       -84.778400    314969.600000       155.274900    313775.800000        35.140130       669.021400       -74.779530       658.270600       165.770900       671.917400        45.731350        59.975930         0.011902
1643124150.0000    312973.300000       -93.320690    315017.800000       146.728400    313823.700000        26.604520       668.358000       -83.197820       657.638600       157.210500       670.560700        37.244780        59.977510         0.059509
1643124151.0000    312899.300000      -100.848600    315037.500000       139.222100    313885.300000        19.070500       668.876300       -90.734310       657.002300       149.916600       672.058700        29.890910        59.979820         0.016479
1643124152.0000    313014.400000      -107.798500    315143.800000       132.267400    313979.900000        12.116340       668.661300       -97.529650       656.518200       143.086700       671.742100        23.091380        59.981480        -0.030670
1643124153.0000    312927.600000      -114.207300    315118.600000       125.849500    313890.300000         5.695060       669.699100      -104.108600       659.013000       136.593400       674.370200        16.475470        59.983310         0.030899
1643124154.0000    312870.900000      -120.029500    314964.600000       120.015600    313699.700000        -0.120728       670.765700      -110.042600       661.358800       130.455100       674.464100        10.323810        59.986090         0.041428
1643124155.0000    312934.100000      -125.139200    315044.100000       114.919600    313852.700000        -5.223164       671.348100      -115.017200       660.123200       125.633700       674.915200         5.568371        59.987310         0.015793
1643124156.0000    312859.400000      -129.240500    315060.300000       110.827300    313896.100000        -9.333334       672.567900      -119.072300       661.271500       121.669700       677.752400         1.594550        59.988350        -0.015335
1643124157.0000    312955.900000      -133.186000    315105.100000       106.878500    313923.100000       -13.272770       672.870100      -123.054700       661.819000       117.652800       677.023600        -2.398048        59.990700         0.069580
1643124158.0000    312905.300000      -136.617100    315018.500000       103.448900    313871.100000       -16.700690       673.314000      -126.574000       661.793300       114.098900       677.141900        -5.894869        59.991970         0.001373
1643124159.0000    312742.500000      -139.006300    314891.600000       101.068800    313760.300000       -19.089510       674.363700      -129.301100       661.140300       111.288700       677.236900        -8.561928        59.993560        -0.018539
1643124160.0000    312919.100000      -140.786300    315059.800000        99.271000    313835.300000       -20.875120       673.714600      -130.817400       663.417400       109.846000       678.269500       -10.292050        59.996490        -0.036621
1643124161.0000    312838.400000      -141.693500    314968.300000        98.370430    313792.800000       -21.778000       675.647900      -131.780500       664.374400       108.872000       679.204400       -11.202000        59.997540        -0.036621
1643124162.0000    312760.800000      -142.263300    314897.900000        97.787400    313653.000000       -22.357530       673.338800      -132.511100       664.019600       108.123100       678.381800       -12.055350        59.997580        -0.111008
1643124163.0000    312681.400000      -142.368700    314715.200000        97.683850    313544.400000       -22.445680       675.431100      -132.673000       665.067600       107.754700       677.667200       -12.236870        60.000050         0.018768
1643124164.0000    312730.900000      -142.341400    314910.800000        97.702560    313610.200000       -22.443320       672.917600      -132.669300       664.059300       108.083200       679.382200       -12.173110        60.001310         0.013962
1643124165.0000    312738.500000      -142.345500    314951.400000        97.716640    313706.300000       -22.442130       674.423300      -132.707200       663.110200       108.100200       680.466100       -12.014360        59.999310        -0.005722
1643124166.0000    312686.800000      -142.775900    314739.800000        97.300470    313651.300000       -22.845910       676.976800      -133.071900       663.499700       107.553100       679.243800       -12.336440        59.997480        -0.030441
1643124167.0000    312684.900000      -143.759500    314900.400000        96.288430    313618.800000       -23.867500       673.676500      -134.168200       663.133700       106.602100       679.620100       -13.549570        59.998160         0.056076
1643124168.0000    312702.100000      -144.872000    314956.500000        95.171780    313604.800000       -24.986050       673.492100      -135.230300       664.043600       105.683800       681.108200       -14.632260        59.995520        -0.032043
1643124169.0000    312615.500000      -146.871100    314826.500000        93.208640    313695.000000       -26.958820       675.603000      -137.317600       662.781100       103.387200       679.484200       -16.562270        59.993200        -0.011673
1643124170.0000    312766.000000      -149.371500    314839.700000        90.692290    313667.700000       -29.450170       676.115100      -139.405300       664.091900       101.118900       678.705100       -18.807870        59.991920         0.029068
1643124171.0000    312757.400000      -152.613400    314907.600000        87.439220    313668.100000       -32.707510       674.902300      -142.822400       664.029100        97.766250       678.982700       -22.294550        59.989600        -0.006638
1643124172.0000    312758.800000      -156.555800    314828.000000        83.501370    313632.600000       -36.634610       676.254500      -146.795900       665.004500        93.718730       678.892700       -26.213540        59.988520         0.040512
1643124173.0000    312734.300000      -161.305900    314884.400000        78.751820    313684.100000       -41.395800       675.824200      -151.598800       665.232100        88.985880       679.124000       -31.078600        59.986030        -0.003204
1643124174.0000    312710.300000      -167.244600    314822.100000        72.807110    313586.100000       -47.330220       675.205000      -157.522000       664.954800        82.938950       678.244200       -37.105920        59.982200        -0.006180
1643124175.0000    312718.900000      -173.849000    314888.100000        66.217730    313696.800000       -53.935920       675.321300      -164.146600       663.277600        76.447750       678.763200       -43.477600        59.980000        -0.036163
1643124176.0000    312687.700000       178.664400    314828.600000        58.737910    313693.000000       -61.415370       676.175500      -171.695600       663.288700        68.869230       678.705200       -51.020200        59.978170         0.000687
1643124177.0000    312807.700000       170.914000    314884.300000        50.970530    313696.800000       -69.167470       675.363700      -179.252800       663.922300        61.301180       678.351000       -58.665490        59.978360        -0.019455
1643124178.0000    312686.600000       162.908900    314792.500000        42.962770    313583.800000       -77.177890       674.928800       172.509600       665.265500        53.053240       679.147500       -67.051160        59.977330         0.033875
1643124179.0000    312698.900000       154.114800    314881.500000        34.176180    313669.400000       -85.974840       674.719500       163.743100       664.269900        44.381970       679.052200       -75.700460        59.975490         0.027466
