Terminal: LT 500  C. PAULISTA - RESENDE C1
Tensão base: 500 kV
SOC inicial: 1643124120
SOC final: 1643124179
Taxa: 1 fasores/s
Total de frames faltantes: - 

Tempo_(SOC)           VA_mod_(V)     VA_ang_(graus)     VB_mod_(V)     VB_ang_(graus)     VC_mod_(V)     VC_ang_(graus)     IA_mod_(A)     IA_ang_(graus)     IB_mod_(A)     IB_ang_(graus)     IC_mod_(A)     IC_ang_(graus)     Frequência        Delta_Freq     Faltante
1643124120.0000    309558.000000        23.953610    311471.300000       143.618500    312295.600000       -95.994280       411.426700      -150.786600       405.233500       -29.312980       395.769200        88.246390        59.972910         0.206059
1643124121.0000    309418.900000        14.828780    311266.600000       134.588000    311692.500000      -105.081600       411.932400      -159.656800       407.536200       -37.055480       390.371800        80.146740        59.972250        -0.129781
1643124122.0000    309335.300000         5.436741    310937.900000       125.053300    312145.100000      -114.585300       409.636300      -169.751600       404.928500       -48.001280       393.230600        69.599010        59.972180        -0.458814
1643124123.0000    309782.000000        -4.650958    311640.400000       115.079100    312201.800000      -124.572500       413.063300       179.960100       400.708100       -58.119460       392.099200        58.491570        59.971420        -0.462441
1643124124.0000    309840.600000       -14.835440    311685.100000       104.864600    312384.900000      -134.775400       406.077100       169.698900       406.129900       -68.990770       394.638400        49.422020        59.972730         0.054483
1643124125.0000    309785.800000       -25.524010    311730.800000        94.152150    312490.300000      -145.461000       409.230100       159.388000       400.945500       -79.662160       395.947400        37.948920        59.971360        -0.266502
1643124126.0000    309286.200000       -36.747920    311418.900000        82.994890    311791.800000      -156.623000       409.107300       147.687100       404.799300       -91.627140       399.812700        26.642080        59.968580         0.200934
1643124127.0000    309669.000000       -48.256070    311609.400000        71.396260    312478.400000      -168.206100       409.111700       136.221100       406.850200      -102.983200       399.761300        15.502350        59.967080         0.089801
1643124128.0000    309652.200000       -59.530590    311286.400000        60.182690    312030.800000      -179.498400       406.588000       125.055900       408.752800      -114.385000       400.801300         4.692587        59.967720        -0.342827
1643124129.0000    309669.400000       -71.011510    311729.100000        48.714450    312206.400000       169.093600       410.846900       112.903800       408.795300      -126.691100       404.392700        -7.966704        59.967900        -0.007162
1643124130.0000    309701.800000       -82.405830    311686.600000        37.334820    312128.300000       157.696300       397.570700       103.716700       407.167100      -136.823800       402.079600       -16.256160        59.970910         0.038981
1643124131.0000    309265.600000       -94.003640    311315.600000        25.739050    311717.900000       146.109400       399.548100        92.230380       413.013800      -147.968800       404.037200       -27.121430        59.963730        -0.174289
1643124132.0000    309276.600000      -106.270900    311393.100000        13.437370    311921.400000       133.834200       400.413600        78.303710       412.593600      -161.420700       401.477600       -40.887590        59.964210        -0.334888
1643124133.0000    309462.500000      -119.131600    311313.200000         0.589113    311920.900000       120.938200       409.962800        66.313260       427.525400      -169.918000       391.241700       -50.398060        59.962940        -0.117969
1643124134.0000    309175.600000      -132.760300    311449.400000       -13.011860    311721.100000       107.390400       409.786700        51.351810       412.277100       171.541400       406.458100       -69.142930        59.960460        -0.031063
1643124135.0000    309549.200000      -146.994700    311600.500000       -27.294330    312189.200000        93.094560       408.379200        36.886790       412.719800       157.180500       405.537400       -83.293300        59.959920         0.176837
1643124136.0000    309581.900000      -161.412100    311717.000000       -41.726350    312338.400000        78.681850       405.760100        22.001450       412.110400       142.162000       404.456200       -98.006730        59.959000        -0.290684
1643124137.0000    309562.900000      -175.509700    311482.400000       -55.768490    311951.900000        64.580640       410.038000         7.774123       410.598800       127.487300       408.844600      -113.161200        59.962230         0.156262
1643124138.0000    309930.200000       171.062800    311836.400000       -69.227700    312460.900000        51.135200       411.539300        -5.920990       411.909100       114.225600       407.867900      -126.617400        59.966400        -0.074902
1643124139.0000    309436.000000       158.286100    311503.800000       -81.969960    311901.900000        38.401700       404.246400       -17.924790       411.394800       102.914100       398.935500      -137.487400        59.969210         0.303957
1643124140.0000    309641.600000       145.706800    311586.600000       -94.554260    312059.600000        25.801260       406.722700       -31.419890       412.065500        89.346920       401.695600      -151.261700        59.966600         0.099199
1643124141.0000    309281.900000       133.686600    311457.000000      -106.603300    311944.200000        13.801600       402.020900       -43.344810       412.976100        77.451630       399.542100      -162.481200        59.964190        -0.394272
1643124142.0000    309677.900000       121.924000    311628.300000      -118.333800    312080.100000         2.021150       404.026200       -54.977070       411.597300        64.765080       405.945300      -174.971500        59.967130        -0.035780
1643124143.0000    309871.700000       110.757400    311668.400000      -129.512400    312252.000000        -9.176427       404.306200       -65.776060       408.646900        54.493250       401.854200       174.040700        59.968830        -0.063176
1643124144.0000    309670.000000       100.256700    311579.300000      -140.043600    312256.900000       -19.675200       405.891400       -77.267430       414.625200        44.016200       399.181200       163.614600        59.971970         0.165922
1643124145.0000    309594.600000        90.163580    311472.200000      -150.122600    312081.300000       -29.767840       403.950600       -86.857350       416.697600        33.843240       403.018500       154.156800        59.973030         0.388298
1643124146.0000    309499.500000        80.547400    311301.900000      -159.786400    312170.200000       -39.418450       407.431000       -97.014870       414.451800        23.579600       404.124400       143.286000        59.975280         0.067998
1643124147.0000    309839.400000        70.961300    311664.200000      -169.350800    312419.400000       -48.989940       410.367000      -106.928400       414.423700        14.052700       403.248300       133.235700        59.972800         0.075351
1643124148.0000    309583.600000        61.572280    311477.000000      -178.793200    312454.100000       -58.398180       411.271900      -116.881300       415.229300         5.046566       398.235400       123.762900        59.974090        -0.306409
1643124149.0000    309536.400000        52.503800    311535.800000       172.197000    312190.300000       -67.416480       403.929600      -124.309400       415.082000        -3.623291       402.327100       116.562100        59.977180         0.343200
1643124150.0000    310007.700000        44.045460    311823.900000       163.738700    312556.200000       -75.903080       405.491200      -132.712200       414.768000       -12.317930       404.581900       107.708600        59.979590         0.249731
1643124151.0000    310021.300000        36.449800    311754.000000       156.183500    312347.000000       -83.492740       411.752000      -141.269500       413.857100       -20.209650       403.240000        98.643750        59.980710         0.029044
1643124152.0000    310058.400000        29.482630    311976.700000       149.190400    312600.000000       -90.443170       406.628100      -147.709800       411.424300       -26.860270       401.155900        92.431910        59.981650         0.009532
1643124153.0000    309624.600000        23.006570    311530.400000       142.771600    311896.900000       -96.891610       402.968100      -153.606800       414.545700       -32.321960       398.113000        87.618950        59.980980        -0.138967
1643124154.0000    309636.100000        17.174670    311712.100000       136.874000    312305.100000      -102.731400       411.082600      -161.081000       418.888300       -40.510380       408.553200        79.308900        59.980440        -0.240380
1643124155.0000    309645.700000        12.146720    311418.900000       131.839000    312187.700000      -107.810300       407.008000      -160.218400       411.061300       -39.715770       401.819100        79.617320        59.988720         0.112939
1643124156.0000    309870.800000         7.857057    311670.200000       127.578400    312288.500000      -112.081700       406.059400      -169.434300       413.471800       -47.630280       395.866500        71.472490        59.988580         0.175549
1643124157.0000    310002.500000         3.957800    311807.700000       123.664300    312494.900000      -115.987100       409.827100      -173.695700       410.303300       -53.030160       403.007000        65.839640        59.990950         0.394198
1643124158.0000    309871.600000         0.601003    311683.800000       120.315900    312329.200000      -119.338200       404.671600      -176.127200       414.554200       -55.379060       401.495800        64.585140        59.990670        -0.159060
1643124159.0000    309845.100000        -1.869059    311743.100000       117.873100    312219.100000      -121.781000       407.091100      -179.010300       411.591600       -58.187210       401.221000        61.112600        59.992940         0.022579
1643124160.0000    309948.400000        -3.582639    311784.600000       116.117900    312492.600000      -123.525000       414.037500       178.656400       413.251800       -60.188220       403.431600        58.260660        59.995920        -0.076129
1643124161.0000    309729.400000        -4.545660    311518.000000       115.161900    312220.900000      -124.493100       413.956300       177.721300       412.284000       -61.145600       403.178300        57.250640        59.997500        -0.187131
1643124162.0000    309811.000000        -5.097607    311777.000000       114.624500    312310.700000      -125.009200       408.179800       177.262700       415.434800       -61.970050       403.995100        57.662040        59.998490        -0.074991
1643124163.0000    309398.900000        -5.169284    311324.600000       114.511500    312071.100000      -125.106500       409.696700       177.263500       412.284900       -61.533180       400.308900        57.330120        60.000340        -0.088282
1643124164.0000    309666.600000        -5.173462    311586.500000       114.521000    312287.400000      -125.107600       411.407100       177.301500       414.491800       -61.429450       401.782900        57.398850        59.999230         0.050659
1643124165.0000    309568.300000        -5.191317    311382.500000       114.507200    312102.200000      -125.138500       411.823700       177.319400       417.529800       -59.358740       390.427200        58.822380        59.996680         0.124865
1643124166.0000    309504.700000        -5.546392    311182.200000       114.162400    311924.100000      -125.510400       414.491700       178.719200       415.378900       -57.970440       390.567000        59.610970        59.997810         0.139554
1643124167.0000    309329.300000        -6.547369    311456.300000       113.167500    311956.500000      -126.435200       409.468200       176.184500       412.284500       -62.497500       399.699500        56.302260        59.997030        -0.168333
1643124168.0000    309752.600000        -7.745923    311778.700000       111.953800    312392.700000      -127.657900       409.176600       174.289000       416.732400       -65.110770       406.207300        54.627930        59.995900        -0.080284
1643124169.0000    309679.500000        -9.686292    311689.800000       110.043500    312165.700000      -129.586400       405.443100       172.724000       417.087600       -66.621280       404.551300        53.580110        59.995790         0.218775
1643124170.0000    309218.300000       -12.231130    311227.200000       107.473200    311827.700000      -132.141300       407.023800       174.952800       402.655200       -66.117000       407.282400        53.027210        59.990230         0.236110
1643124171.0000    308917.800000       -15.478810    311194.300000       104.288500    311373.800000      -135.314600       398.010900       172.688000       417.286700       -69.476690       416.846800        52.894770        59.988730        -0.223624
1643124172.0000    309263.700000       -19.372610    311388.800000       100.354200    311822.900000      -139.255100       397.711800       166.622000       415.305700       -73.555720       404.334600        47.818870        59.987020        -0.103080
1643124173.0000    309239.800000       -24.187970    311281.300000        95.594870    311503.600000      -144.055100       396.685200       161.988400       415.579300       -77.940410       402.311200        43.451480        59.983290        -0.155304
1643124174.0000    309300.500000       -30.003400    311162.700000        89.713670    311777.800000      -149.933500       410.220900       152.287900       424.609200       -84.740960       395.898400        34.769000        59.982470         0.103231
1643124175.0000    309168.200000       -36.631070    311190.100000        83.083980    311740.400000      -156.538400       412.392200       146.483800       411.487000       -91.968540       399.285400        26.279770        59.977650        -0.158583
1643124176.0000    309511.300000       -44.094530    311336.500000        75.651890    311822.000000      -164.015900       409.935100       138.354900       419.572500       -98.980890       395.494300        20.076980        59.975300        -0.543226
1643124177.0000    309578.800000       -51.844060    311720.900000        67.829990    312388.700000      -171.753500       415.033200       129.596900       420.963100      -109.710200       411.076600         9.826002        59.978340        -0.279361
1643124178.0000    309496.200000       -59.827930    311254.000000        59.890050    311918.600000      -179.774500       412.243500       122.953100       414.944800      -115.122700       398.670100         3.397034        59.980890         0.469286
1643124179.0000    309554.900000       -68.627110    311549.200000        51.118010    311967.700000       171.477200       418.966500       112.516200       419.028400      -126.652200       410.810000        -7.846380        59.977190         0.328384
