Terminal: LT 500  BARREIRAS II - RIO DAS EGUAS CN5
Tensão base: 500 kV
SOC inicial: 1643124120
SOC final: 1643124179
Taxa: 1 fasores/s
Total de frames faltantes: - 

Tempo_(SOC)           VA_mod_(V)     VA_ang_(graus)     VB_mod_(V)     VB_ang_(graus)     VC_mod_(V)     VC_ang_(graus)     IA_mod_(A)     IA_ang_(graus)     IB_mod_(A)     IB_ang_(graus)     IC_mod_(A)     IC_ang_(graus)     Frequência        Delta_Freq     Faltante
1643124120.0000    302690.500000       -31.042650    302520.800000      -151.773800    301144.800000        88.985850       843.798600       -12.753530       851.748500      -132.738000       842.511200       107.775800        59.974220        -0.035706
1643124121.0000    302609.400000       -40.068300    302474.100000      -160.792400    301125.900000        79.962360       844.787500       -21.773780       852.948700      -141.767700       843.256000        98.726620        59.972810        -0.066605
1643124122.0000    302549.500000       -49.497420    302450.900000      -170.228700    301051.500000        70.521900       844.916700       -31.203650       852.909700      -151.178700       843.827800        89.268300        59.973390         0.033417
1643124123.0000    302565.300000       -59.494380    302451.400000       179.774500    301063.500000        60.526690       845.196500       -41.242550       852.916900      -161.220800       843.849400        79.290320        59.972400         0.041885
1643124124.0000    302623.600000       -69.838490    302492.200000       169.430700    301130.500000        50.186820       843.835900       -51.559790       851.554600      -171.476700       842.938100        68.956950        59.970660        -0.024033
1643124125.0000    302541.600000       -80.458320    302440.200000       158.813000    301066.600000        39.565250       844.344200       -62.211820       852.152300       177.841500       843.835700        58.292360        59.970030         0.032730
1643124126.0000    302551.100000       -91.607950    302408.200000       147.662500    301017.100000        28.416770       844.968300       -73.347690       852.739400       166.690600       843.356200        47.166340        59.968500        -0.011215
1643124127.0000    302530.400000      -103.181100    302419.000000       136.090000    301026.200000        16.842670       845.787200       -84.904110       853.227500       155.162700       844.216000        35.658930        59.966880        -0.002289
1643124128.0000    302718.200000      -114.626500    302596.800000       124.646600    301255.100000         5.401174       842.227000       -96.285560       849.674200       143.778700       840.520700        24.239040        59.970430         0.092468
1643124129.0000    302530.300000      -125.773400    302405.100000       113.498600    301035.200000        -5.749917       845.082100      -107.533100       852.797400       132.506400       843.420100        12.989260        59.968700        -0.026321
1643124130.0000    302507.100000      -137.256100    302429.300000       102.013200    301040.200000       -17.234670       844.659000      -118.959400       852.308500       121.060500       843.239900         1.538889        59.966980        -0.009155
1643124131.0000    302435.300000      -148.750600    302354.400000        90.518070    300944.000000       -28.732950       844.293700      -130.473400       852.299900       109.554000       843.176600        -9.965183        59.966500        -0.072098
1643124132.0000    302356.000000      -160.813900    302218.700000        78.461400    300858.000000       -40.785310       846.736400      -142.606700       855.273600        97.417270       845.497300       -22.099860        59.965490        -0.002289
1643124133.0000    302414.100000      -173.929800    302290.600000        65.336920    300893.500000       -53.907160       845.794400      -155.678600       853.456000        84.344120       844.356200       -35.207290        59.963550         0.050583
1643124134.0000    302507.300000       172.413300    302345.800000        51.680220    300979.800000       -67.559040       844.304500      -169.295700       852.564000        70.740780       843.319100       -48.781050        59.961350        -0.012131
1643124135.0000    302402.100000       158.268800    302251.500000        37.536450    300892.400000       -81.704330       846.483800       176.523500       854.532900        56.523160       844.838600       -62.981730        59.959000        -0.026779
1643124136.0000    302534.600000       143.660200    302409.500000        22.927330    301027.500000       -96.317860       844.376300       161.936000       852.365700        41.970440       843.325400       -77.539730        59.958980        -0.021744
1643124137.0000    302448.000000       129.776500    302353.400000         9.046435    300972.900000      -110.205100       846.800000       147.976500       854.218100        28.034730       845.366900       -91.472930        59.962070         0.026779
1643124138.0000    302371.600000       116.545000    302251.600000        -4.184456    300874.600000      -123.431300       848.413800       134.674500       855.784400        14.741440       847.058000      -104.775900        59.963530        -0.001144
1643124139.0000    302446.600000       103.654800    302334.700000       -17.068870    300990.400000      -136.320600       846.733200       121.840600       854.455800         1.940519       845.439000      -117.606600        59.964960         0.043259
1643124140.0000    302328.100000        91.250120    302209.800000       -29.473620    300869.600000      -148.727200       849.114100       109.350300       856.837400       -10.561670       847.841200      -130.119800        59.965790         0.024261
1643124141.0000    302402.000000        79.123600    302283.000000       -41.600400    300917.800000      -160.848900       847.262900        97.293360       854.907000       -22.659310       846.477100      -142.187900        59.965630        -0.015564
1643124142.0000    302360.200000        67.488880    302242.900000       -53.230860    300906.200000      -172.484100       849.774000        85.543020       857.582200       -34.386540       847.946600      -153.886900        59.967910        -0.015793
1643124143.0000    302468.600000        56.248610    302323.300000       -64.476650    300978.800000       176.275600       847.924500        74.377840       855.744600       -45.557300       846.772600      -165.048300        59.970140         0.022888
1643124144.0000    302433.500000        45.694660    302333.400000       -75.019020    300995.800000       165.728400       848.085000        63.828770       855.077800       -56.109190       846.101300      -175.613600        59.972140         0.021057
1643124145.0000    302325.000000        35.766630    302191.300000       -84.956290    300853.000000       155.796900       850.295500        53.860330       857.285900       -66.091920       848.123200       174.420300        59.970070        -0.146027
1643124146.0000    302399.800000        26.088680    302245.200000       -94.638870    300905.900000       146.120500       850.267700        44.152310       857.320600       -75.770070       848.391100       164.729700        59.972390        -0.025864
1643124147.0000    302370.000000        16.612180    302266.100000      -104.128400    300839.800000       136.627800       850.442000        34.695470       858.763000       -85.277550       849.973400       155.190900        59.974770         0.073013
1643124148.0000    302415.200000         7.086099    302326.900000      -113.654200    300890.700000       127.096300       849.639100        25.197270       857.904800       -94.791810       848.791700       145.673500        59.974980         0.067291
1643124149.0000    302506.000000        -2.012771    302379.200000      -122.752400    300961.500000       118.007400       848.177100        16.145870       856.331000      -103.824100       847.446300       136.642100        59.975780         0.018997
1643124150.0000    302556.100000       -10.577300    302457.800000      -131.317200    301007.000000       109.439400       848.378400         7.576472       855.741000      -112.341300       847.233600       128.093900        59.976650        -0.014648
1643124151.0000    302641.700000       -18.224050    302525.800000      -138.972400    301064.600000       101.790600       846.014500        -0.032651       853.857300      -119.969300       845.593000       120.472000        59.979410         0.009613
1643124152.0000    302538.300000       -25.037720    302417.900000      -145.783500    300955.300000        94.978140       847.787200        -6.921704       855.528700      -126.860900       846.451400       113.577900        59.982050         0.020599
1643124153.0000    302594.800000       -31.525050    302472.400000      -152.259500    301067.100000        88.496690       845.986500       -13.351870       854.791000      -133.268500       845.028100       107.158100        59.982270        -0.008240
1643124154.0000    302698.100000       -37.591090    302559.500000      -158.332200    301148.200000        82.431120       846.163100       -19.382000       854.261600      -139.312700       845.023000       101.103500        59.985050         0.049896
1643124155.0000    302692.600000       -42.611100    302569.100000      -163.349400    301170.500000        77.411380       846.518900       -24.439180       854.554600      -144.364300       845.246900        96.059040        59.987790         0.065231
1643124156.0000    302651.200000       -46.899960    302517.200000      -167.639500    301104.100000        73.117590       846.626500       -28.744820       854.983300      -148.687500       844.806200        91.785840        59.989350        -0.006180
1643124157.0000    302584.000000       -50.628460    302445.700000      -171.365900    301031.500000        69.397670       848.059700       -32.488920       856.805600      -152.444800       847.037000        88.034260        59.989080        -0.038910
1643124158.0000    302697.700000       -54.173110    302552.700000      -174.912200    301143.000000        65.847210       846.413500       -35.969080       854.672700      -155.902500       844.998100        84.527230        59.991130        -0.038452
1643124159.0000    302816.300000       -56.713700    302651.900000      -177.450900    301268.400000        63.309710       844.274400       -38.458980       852.399700      -158.382700       842.954000        82.028110        59.992630        -0.047607
1643124160.0000    302709.400000       -58.289700    302544.900000      -179.034200    301131.000000        61.735660       846.444800       -40.114960       854.874500      -160.062600       845.434300        80.381190        59.996410        -0.010300
1643124161.0000    302830.700000       -59.370250    302667.500000       179.887300    301277.100000        60.654000       844.879000       -41.171940       852.863800      -161.120100       843.648100        79.333870        59.999160         0.092926
1643124162.0000    302784.900000       -59.775730    302595.400000       179.479900    301186.900000        60.254260       847.071900       -41.603950       855.226200      -161.551100       845.646400        78.881420        59.997700        -0.073929
1643124163.0000    302727.600000       -59.768420    302568.300000       179.486000    301163.000000        60.253440       845.705300       -41.568440       854.702100      -161.549100       844.518200        78.912900        59.999910        -0.066834
1643124164.0000    302751.600000       -59.781930    302587.800000       179.471500    301148.600000        60.240440       846.958600       -41.609460       855.404000      -161.568500       845.580400        78.829230        60.000330         0.029068
1643124165.0000    302853.400000       -60.020700    302738.200000       179.229800    301275.800000        59.993280       844.620700       -41.812020       853.030100      -161.761700       843.590400        78.676960        60.002470         0.266419
1643124166.0000    302634.300000       -60.159080    302560.400000       179.110200    301175.700000        59.862450       847.041300       -42.006000       854.374800      -161.963000       845.706900        78.503250        60.004470         0.192490
1643124167.0000    302673.800000       -61.038810    302488.800000       178.233500    301139.500000        58.996260       848.175000       -42.872050       856.317000      -162.858600       846.500200        77.603170        59.996340        -0.003662
1643124168.0000    302795.800000       -62.687650    302632.800000       176.590200    301315.300000        57.347320       844.298800       -44.420640       852.476600      -164.367000       842.535400        76.090110        59.994620        -0.014877
1643124169.0000    302772.900000       -64.473180    302597.700000       174.798400    301252.500000        55.561340       844.772900       -46.264090       852.349100      -166.233100       843.116500        74.267140        59.994430         0.004120
1643124170.0000    302770.400000       -67.088440    302585.900000       172.184300    301238.200000        52.947720       844.462000       -48.852100       852.075400      -168.818000       842.918500        71.691400        59.990330        -0.099792
1643124171.0000    302748.200000       -70.182520    302583.800000       169.090800    301243.500000        49.849970       845.614700       -51.993770       853.438900      -171.939300       843.993700        68.534970        59.992270         0.077820
1643124172.0000    302681.400000       -74.031460    302469.600000       165.244300    301178.000000        46.006400       846.962500       -55.867610       854.807300      -175.819400       845.702600        64.654340        59.987290        -0.018082
1643124173.0000    302723.700000       -78.866460    302542.600000       160.406100    301222.200000        41.166810       845.482000       -60.638300       853.672400       179.408900       844.111400        59.875300        59.986370         0.073013
1643124174.0000    302589.800000       -84.490200    302407.500000       154.782900    301058.700000        35.539630       847.284000       -66.325840       854.946700       173.699100       846.197500        54.207080        59.982120        -0.079880
1643124175.0000    302699.200000       -91.255990    302523.900000       148.017100    301189.900000        28.774650       846.138600       -73.044920       854.105500       166.988800       844.764200        47.463720        59.980960         0.088806
1643124176.0000    302716.200000       -98.763430    302511.400000       140.508400    301192.400000        21.266380       845.992900       -80.553840       853.915100       159.520000       844.221400        39.987980        59.978670         0.001602
1643124177.0000    302768.300000      -106.768100    302614.700000       132.517500    301293.900000        13.267370       844.884200       -88.520030       852.059800       151.553600       843.452000        32.044100        59.978310         0.027466
1643124178.0000    302772.800000      -114.630000    302558.600000       124.645100    301241.000000         5.406807       844.783800       -96.406300       852.885600       143.650600       843.608600        24.133780        59.978740         0.059052
1643124179.0000    302545.300000      -123.182900    302411.900000       116.096600    301082.800000        -3.155879       848.014500      -104.992300       855.058400       135.027100       846.568100        15.520830        59.974400        -0.007324
