Terminal: LT 500  IBIUNA - BATEIAS C2
Tensão base: 500 kV
SOC inicial: 1643124120
SOC final: 1643124179
Taxa: 1 fasores/s
Total de frames faltantes: - 

Tempo_(SOC)           VA_mod_(V)     VA_ang_(graus)     VB_mod_(V)     VB_ang_(graus)     VC_mod_(V)     VC_ang_(graus)     IA_mod_(A)     IA_ang_(graus)     IB_mod_(A)     IB_ang_(graus)     IC_mod_(A)     IC_ang_(graus)     Frequência        Delta_Freq     Faltante
1643124120.0000    291511.800000        12.687060    292227.600000       132.719300    292107.000000      -107.235100       768.790300        37.972840       786.036100       158.183300       762.081000       -80.722500        59.973980         0.269068
1643124121.0000    291375.400000         3.574398    292119.700000       123.634600    291863.900000      -116.329400       772.086500        29.222240       785.541300       149.400500       763.541100       -89.703090        59.973380        -0.033485
1643124122.0000    291294.900000        -5.866814    291985.800000       114.136600    292015.400000      -125.810500       771.744800        19.752660       783.714500       139.971200       762.303100       -99.235470        59.972930        -0.197462
1643124123.0000    291526.800000       -15.876270    292350.000000       104.168300    292123.600000      -135.774600       769.277300         9.861011       782.017200       129.998700       760.797100      -109.126600        59.973450         0.014502
1643124124.0000    291572.700000       -26.068310    292364.300000        93.972730    292179.200000      -145.976000       767.486100        -0.269923       781.384100       119.782300       760.910900      -119.235400        59.972500         0.072433
1643124125.0000    291559.800000       -36.749050    292380.900000        83.284000    292221.200000      -156.654500       767.728000       -11.465510       783.839100       108.731200       760.670300      -130.231700        59.970660         0.019301
1643124126.0000    291382.500000       -47.986790    292230.500000        72.072170    291938.900000      -167.874200       768.977600       -22.544510       785.360200        97.673090       761.861500      -141.296600        59.967540         0.004735
1643124127.0000    291493.900000       -59.515740    292348.700000        60.499400    292235.700000      -179.423900       772.271300       -34.050160       783.026000        85.922370       764.697500      -153.281700        59.967940         0.147200
1643124128.0000    291584.600000       -70.752550    292198.300000        49.287120    292094.700000       169.308200       768.689100       -45.389860       784.901200        74.838230       761.140900      -164.137300        59.968600        -0.281692
1643124129.0000    291539.800000       -82.227530    292349.300000        37.815320    292139.900000       157.870300       771.514200       -57.085810       787.857200        63.145050       764.391400      -175.811000        59.969070         0.128752
1643124130.0000    291634.800000       -93.613400    292429.300000        26.448630    292141.200000       146.491600       769.441700       -67.813670       783.307500        52.228850       762.770800       173.195100        59.971930         0.193603
1643124131.0000    291204.200000      -105.222200    291999.900000        14.836020    291738.200000       134.879800       769.585800       -79.858310       785.440100        40.410540       761.505200       161.408000        59.964800        -0.338431
1643124132.0000    291218.300000      -117.544900    292093.100000         2.516985    291783.800000       122.569900       767.894200       -92.164140       785.564600        27.998560       761.931000       149.158600        59.964280        -0.083173
1643124133.0000    291472.100000      -130.423300    292262.500000       -10.391470    292117.700000       109.663600       771.537800      -105.279700       784.822800        15.146760       760.145000       135.894500        59.962740        -0.174465
1643124134.0000    291176.200000      -144.025000    292142.800000       -23.962030    291769.800000        96.108350       767.430200      -118.561800       784.733300         1.498937       762.237400       122.656300        59.959820        -0.100376
1643124135.0000    291429.200000      -158.277000    292266.500000       -38.255230    292134.100000        81.811660       768.990100      -132.749400       784.071300       -12.550860       761.546700       108.387600        59.959640         0.021152
1643124136.0000    291305.900000      -172.710900    292179.000000       -52.679050    292002.200000        67.390410       771.848700      -147.090200       784.732100       -26.981930       763.873200        93.898880        59.960130        -0.224982
1643124137.0000    291416.100000       173.233500    292175.800000       -66.730010    292015.200000        53.318820       770.465900      -161.444200       785.250500       -41.303840       763.794600        79.644220        59.962320        -0.019054
1643124138.0000    291496.300000       159.779200    292324.300000       -80.165960    292064.400000        39.885360       771.213400      -174.562800       784.962400       -54.545530       765.151900        66.414210        59.964980         0.032730
1643124139.0000    291406.000000       147.034300    292219.800000       -92.926960    292024.000000        27.128610       770.269300       172.227700       786.042100       -67.521220       762.456600        53.473580        59.968430         0.283721
1643124140.0000    291381.900000       134.441300    292157.100000      -105.513700    291955.100000        14.532770       771.872600       159.986300       785.675100       -79.843360       763.441100        41.062200        59.967020         0.182656
1643124141.0000    291302.700000       122.434300    292220.700000      -117.544400    292049.700000         2.539223       770.519500       147.606700       784.830600       -92.349240       764.212100        28.644680        59.968090        -0.085605
1643124142.0000    291481.300000       110.679900    292223.100000      -129.289100    292104.600000        -9.241894       770.771000       135.716600       786.773700      -103.953100       761.839700        17.012280        59.968460         0.002993
1643124143.0000    291529.800000        99.514560    292291.700000      -140.447700    292137.100000       -20.399100       772.960000       124.857900       786.248500      -114.933400       763.969400         5.916595        59.969680        -0.023235
1643124144.0000    291373.900000        89.012830    292198.600000      -150.979000    292132.000000       -30.905620       772.149900       114.592700       784.401800      -125.226900       763.192500        -4.397491        59.971390         0.041428
1643124145.0000    291289.900000        78.891290    292065.000000      -161.092200    291990.000000       -41.030830       773.068500       104.315400       784.425800      -135.547700       764.394700       -14.763410        59.971360         0.103467
1643124146.0000    291199.700000        69.227880    291844.800000      -170.774400    291909.300000       -50.726890       772.865800        94.623940       785.067700      -145.165900       763.637500       -24.378150        59.976060         0.463594
1643124147.0000    291429.600000        59.654140    292252.700000       179.674900    292134.300000       -60.257930       771.346900        85.016750       785.139000      -154.852300       763.655600       -33.935650        59.972280        -0.156848
1643124148.0000    291239.600000        50.224080    292040.700000       170.223600    292034.500000       -69.701950       769.015200        75.625400       782.891200      -164.187100       760.952900       -43.286270        59.973010        -0.291274
1643124149.0000    291306.200000        41.178020    292135.600000       161.198600    292023.900000       -78.732140       768.725000        66.560640       783.555200      -173.293600       761.073200       -52.296260        59.975640         0.178930
1643124150.0000    291516.000000        32.714010    292289.300000       152.735100    292195.800000       -87.207420       770.815700        57.904590       786.273400       178.028800       764.461100       -60.947860        59.978450         0.073124
1643124151.0000    291539.900000        25.175520    292328.900000       145.208400    292185.300000       -94.734540       771.896200        50.480440       785.518500       170.633300       764.061600       -68.492290        59.981900         0.029796
1643124152.0000    291464.300000        18.178250    292284.200000       138.211500    292118.900000      -101.727200       771.033600        43.772480       784.571200       163.897100       763.174300       -75.206800        59.982180         0.019494
1643124153.0000    291310.800000        11.717890    292136.000000       131.785600    291810.800000      -108.171000       771.062000        37.257480       786.144300       157.506000       762.800000       -81.562210        59.983010         0.126241
1643124154.0000    291421.700000         5.867810    292257.100000       125.899400    292088.300000      -114.037700       767.317400        31.121400       784.035600       151.314500       760.410300       -87.593630        59.982460        -0.374872
1643124155.0000    291498.500000         0.824261    292235.000000       120.853000    292128.700000      -119.099300       771.237200        26.170250       786.051500       146.408800       763.181200       -92.651410        59.987280         0.058662
1643124156.0000    291484.500000        -3.420875    292253.400000       116.622000    292068.200000      -123.328200       767.949200        22.305280       781.233900       142.497700       758.922700       -96.652500        59.986440        -0.223082
1643124157.0000    291591.400000        -7.302579    292296.200000       112.727300    292196.300000      -127.229100       769.696200        18.206860       783.559500       138.474300       760.637600      -100.661700        59.992090         0.228204
1643124158.0000    291520.900000       -10.698650    292286.100000       109.333500    292145.100000      -130.614800       770.810000        14.718710       784.391800       134.897600       762.404000      -104.209100        59.992990        -0.048561
1643124159.0000    291620.500000       -13.121370    292491.200000       106.934900    292200.700000      -133.009400       767.632500        12.075780       780.762400       132.117500       761.069900      -106.948700        59.993350        -0.150443
1643124160.0000    291610.300000       -14.891210    292394.500000       105.147700    292220.000000      -134.800200       769.690200        10.368960       784.825300       130.620400       761.486800      -108.453800        59.996420        -0.022881
1643124161.0000    291450.900000       -15.850410    292173.400000       104.194700    292012.900000      -135.766400       768.178300         9.549236       783.081800       129.750800       760.376600      -109.268900        59.997340        -0.202366
1643124162.0000    291484.900000       -16.381720    292222.600000       103.678800    291979.900000      -136.287500       768.007000         8.676294       784.832300       128.975300       759.973900      -109.986500        59.996930        -0.283402
1643124163.0000    291200.200000       -16.500310    292027.500000       103.555300    291762.000000      -136.394700       766.351000         8.681759       784.011000       128.744900       761.841100      -110.086300        59.998530        -0.173740
1643124164.0000    291418.100000       -16.489490    292276.800000       103.530000    292160.500000      -136.395800       768.248800         8.624526       782.411700       128.959000       758.522600      -110.209000        59.997960        -0.236279
1643124165.0000    291434.000000       -16.501880    292282.800000       103.524100    292129.000000      -136.406600       769.105700         8.774899       781.031900       129.056900       758.682800      -110.205600        59.997260        -0.030325
1643124166.0000    291414.300000       -16.881350    292151.700000       103.160200    291990.300000      -136.797200       769.370100         8.375153       782.538400       128.459500       762.385600      -110.629100        59.999130         0.418165
1643124167.0000    291364.400000       -17.859170    292230.400000       102.177300    292027.200000      -137.756900       770.530500         7.170300       783.734200       127.494200       760.450300      -111.680500        59.997860         0.055299
1643124168.0000    291588.000000       -19.039750    292409.900000       100.988900    292253.500000      -138.947400       768.715600         6.001697       782.216700       126.470100       757.106700      -112.777000        59.995960        -0.152059
1643124169.0000    291521.700000       -20.973080    292393.700000        99.069130    292154.000000      -140.867300       769.634900         4.113524       781.708000       124.257800       761.131000      -114.938000        59.994330         0.244200
1643124170.0000    291365.800000       -23.526770    292201.900000        96.514370    291985.200000      -143.425900       767.926100         1.941975       782.172800       122.013800       761.458400      -117.025600        59.990490         0.095975
1643124171.0000    291300.700000       -26.739400    292173.300000        93.305820    291919.600000      -146.630000       769.561200        -1.491231       784.331000       118.697300       761.938800      -120.324700        59.990070        -0.068648
1643124172.0000    291394.100000       -30.659330    292286.500000        89.376610    292067.000000      -150.550700       769.225900        -5.500058       784.357400       114.566000       762.955500      -124.397200        59.987860         0.075726
1643124173.0000    291380.000000       -35.461090    292163.700000        84.606220    291856.600000      -155.355100       767.902800       -10.244080       784.234100       109.938500       761.394100      -128.984600        59.984250        -0.085765
1643124174.0000    291298.700000       -41.348830    292083.600000        78.702030    291859.300000      -161.251800       768.741600       -16.268820       785.451100       103.888600       762.325700      -134.987600        59.981070        -0.118255
1643124175.0000    291322.800000       -47.945350    292121.800000        72.110050    291867.300000      -167.846300       770.427600       -22.701380       784.909300        97.429610       762.838000      -141.605300        59.980440        -0.041488
1643124176.0000    291268.700000       -55.437670    292020.300000        64.635790    291699.800000      -175.336400       769.746400       -30.181920       784.800000        89.897350       763.171300      -149.063100        59.978870        -0.169094
1643124177.0000    291408.600000       -63.195250    292218.300000        56.832430    292077.600000       176.893200       769.371300       -37.920870       783.777100        82.208520       761.838600      -156.813000        59.977990         0.035639
1643124178.0000    291329.800000       -71.193770    292003.900000        48.840610    291899.700000       168.874400       769.229400       -46.177460       785.131600        74.108890       760.922700      -164.883200        59.980160         0.530453
1643124179.0000    291304.300000       -79.989250    292131.500000        40.074170    291823.400000       160.119100       769.630400       -54.851770       785.358500        65.328700       762.312200      -173.669700        59.975360         0.048011
