Terminal: LT 500  ITUMBIARA - MARIMBONDO C1
Tensão base: 500 kV
SOC inicial: 1643124120
SOC final: 1643124179
Taxa: 1 fasores/s
Total de frames faltantes: - 

Tempo_(SOC)           VA_mod_(V)     VA_ang_(graus)     VB_mod_(V)     VB_ang_(graus)     VC_mod_(V)     VC_ang_(graus)     IA_mod_(A)     IA_ang_(graus)     IB_mod_(A)     IB_ang_(graus)     IC_mod_(A)     IC_ang_(graus)     Frequência        Delta_Freq     Faltante
1643124120.0000         0.000000       -61.627340         0.000000       178.327400         0.000000        58.527640         0.000000       -55.175830         0.000000      -176.287700         0.000000        63.672800        59.975000         0.000000
1643124121.0000         0.000000       -70.697270         0.000000       169.251700         0.000000        49.451990         0.000000       -64.291600         0.000000       174.637500         0.000000        54.568500        59.974000        -0.020000
1643124122.0000         0.000000       -80.139610         0.000000       159.820800         0.000000        40.015370         0.000000       -73.728210         0.000000       165.149400         0.000000        45.131890        59.973000        -0.030000
1643124123.0000         0.000000       -90.172100         0.000000       149.776900         0.000000        29.977150         0.000000       -83.680490         0.000000       155.225700         0.000000        35.156690        59.972000        -0.010000
1643124124.0000         0.000000      -100.433800         0.000000       139.521000         0.000000        19.721210         0.000000       -93.890590         0.000000       145.009900         0.000000        24.958040        59.971000         0.020000
1643124125.0000         0.000000      -111.096500         0.000000       128.858200         0.000000         9.058463         0.000000      -104.570500         0.000000       134.301300         0.000000        14.243730        59.970000         0.000000
1643124126.0000         0.000000      -122.240500         0.000000       117.708500         0.000000        -2.085566         0.000000      -115.823400         0.000000       123.082800         0.000000         2.996569        59.968000         0.000000
1643124127.0000         0.000000      -133.865900         0.000000       106.094600         0.000000       -13.699420         0.000000      -127.374200         0.000000       111.509000         0.000000        -8.542801        59.968000         0.000000
1643124128.0000         0.000000      -145.153100         0.000000        94.813060         0.000000       -24.986690         0.000000      -138.695900         0.000000       100.204600         0.000000       -19.818610        59.969000        -0.040000
1643124129.0000         0.000000      -156.503400         0.000000        83.451300         0.000000       -36.342710         0.000000      -150.080600         0.000000        88.831380         0.000000       -31.243390        59.968000         0.040000
1643124130.0000         0.000000      -167.922500         0.000000        72.032260         0.000000       -47.767490         0.000000      -161.488200         0.000000        77.458170         0.000000       -42.616600        59.970000         0.020000
1643124131.0000         0.000000      -179.433200         0.000000        60.521530         0.000000       -59.278210         0.000000      -173.130700         0.000000        65.798470         0.000000       -54.293480        59.966000        -0.040000
1643124132.0000         0.000000       168.340700         0.000000        48.300340         0.000000       -71.493680         0.000000       174.631800         0.000000        53.548640         0.000000       -66.537590        59.965000         0.000000
1643124133.0000         0.000000       155.317400         0.000000        35.277010         0.000000       -84.522740         0.000000       161.705900         0.000000        40.622710         0.000000       -79.452060        59.963000         0.010000
1643124134.0000         0.000000       141.744000         0.000000        21.697910         0.000000       -98.096110         0.000000       148.103900         0.000000        27.026420         0.000000       -93.077000        59.962000         0.010000
1643124135.0000         0.000000       127.483100         0.000000         7.442722         0.000000      -112.351300         0.000000       133.883000         0.000000        12.782690         0.000000      -107.269200        59.959000         0.010000
1643124136.0000         0.000000       112.981500         0.000000        -7.053111         0.000000      -126.852900         0.000000       119.392900         0.000000        -1.713144         0.000000      -121.782200        59.961000        -0.010000
1643124137.0000         0.000000        98.984190         0.000000       -21.044740         0.000000      -140.850200         0.000000       105.332600         0.000000       -15.744880         0.000000      -135.808200        59.962000         0.010000
1643124138.0000         0.000000        85.634270         0.000000       -34.400390         0.000000      -154.205900         0.000000        91.959720         0.000000       -29.117720         0.000000      -149.186800        59.964000         0.020000
1643124139.0000         0.000000        72.845860         0.000000       -47.183070         0.000000      -166.988600         0.000000        79.154120         0.000000       -41.940510         0.000000      -162.003800        59.966000         0.030000
1643124140.0000         0.000000        60.321000         0.000000       -59.707930         0.000000      -179.513400         0.000000        66.606350         0.000000       -54.465370         0.000000      -174.522900        59.966000         0.010000
1643124141.0000         0.000000        48.277420         0.000000       -71.751500         0.000000       168.443900         0.000000        54.585690         0.000000       -66.531860         0.000000       173.411400        59.967000         0.030000
1643124142.0000         0.000000        36.531790         0.000000       -83.497140         0.000000       156.692500         0.000000        42.840050         0.000000       -78.243120         0.000000       161.688700        59.967000         0.010000
1643124143.0000         0.000000        25.336190         0.000000       -94.692730         0.000000       145.502600         0.000000        31.661650         0.000000       -89.421520         0.000000       150.510300        59.970000         0.000000
1643124144.0000         0.000000        14.810960         0.000000      -105.218000         0.000000       134.983100         0.000000        21.159330         0.000000       -99.958210         0.000000       139.996500        59.971000         0.020000
1643124145.0000         0.000000         4.778468         0.000000      -115.244700         0.000000       124.950600         0.000000        11.035170         0.000000      -110.053700         0.000000       129.901000        59.972000         0.040000
1643124146.0000         0.000000        -4.893060         0.000000      -124.922000         0.000000       115.273400         0.000000         1.357910         0.000000      -119.753900         0.000000       120.240900        59.973000         0.050000
1643124147.0000         0.000000       -14.415620         0.000000      -134.450300         0.000000       105.739400         0.000000        -8.124541         0.000000      -129.253600         0.000000       110.718400        59.974000         0.000000
1643124148.0000         0.000000       -23.892340         0.000000      -143.932700         0.000000        96.262640         0.000000       -17.589800         0.000000      -138.741700         0.000000       101.247400        59.975000         0.010000
1643124149.0000         0.000000       -32.933610         0.000000      -152.974000         0.000000        87.215640         0.000000       -26.631080         0.000000      -147.760100         0.000000        92.211830        59.976000         0.010000
1643124150.0000         0.000000       -41.470680         0.000000      -161.505300         0.000000        78.690030         0.000000       -35.110860         0.000000      -156.239900         0.000000        83.726330        59.978000         0.030000
1643124151.0000         0.000000       -49.016540         0.000000      -169.056900         0.000000        71.132710         0.000000       -42.650980         0.000000      -163.762800         0.000000        76.197650        59.981000         0.040000
1643124152.0000         0.000000       -55.949330         0.000000      -175.989700         0.000000        64.199920         0.000000       -49.612420         0.000000      -170.730000         0.000000        69.224760        59.982000         0.000000
1643124153.0000         0.000000       -62.337810         0.000000       177.611200         0.000000        57.805710         0.000000       -56.098300         0.000000      -177.170000         0.000000        62.744610        59.983000         0.000000
1643124154.0000         0.000000       -68.336680         0.000000       171.606600         0.000000        51.812570         0.000000       -61.982570         0.000000       176.883500         0.000000        56.843140        59.985000        -0.030000
1643124155.0000         0.000000       -73.384440         0.000000       166.570300         0.000000        46.770550         0.000000       -67.018880         0.000000       171.864400         0.000000        51.829760        59.988000         0.020000
1643124156.0000         0.000000       -77.675890         0.000000       162.278800         0.000000        42.479090         0.000000       -71.253030         0.000000       167.641700         0.000000        47.589870        59.989000         0.010000
1643124157.0000         0.000000       -81.468870         0.000000       158.485900         0.000000        38.686110         0.000000       -75.114770         0.000000       163.780000         0.000000        43.751060        59.989000         0.040000
1643124158.0000         0.000000       -84.929530         0.000000       155.019500         0.000000        35.219720         0.000000       -78.581160         0.000000       160.313600         0.000000        40.273200        59.992000        -0.010000
1643124159.0000         0.000000       -87.364600         0.000000       152.590100         0.000000        32.784650         0.000000       -81.004780         0.000000       157.907200         0.000000        37.838130        59.995000         0.030000
1643124160.0000         0.000000       -89.083480         0.000000       150.865500         0.000000        31.065770         0.000000       -82.735110         0.000000       156.153900         0.000000        36.113530        59.996000         0.020000
1643124161.0000         0.000000       -90.057500         0.000000       149.897200         0.000000        30.097470         0.000000       -83.726330         0.000000       155.185600         0.000000        35.139500        59.997000         0.000000
1643124162.0000         0.000000       -90.544520         0.000000       149.404500         0.000000        29.604730         0.000000       -84.253440         0.000000       154.658500         0.000000        34.606650        59.999000        -0.020000
1643124163.0000         0.000000       -90.550250         0.000000       149.398700         0.000000        29.599000         0.000000       -84.345120         0.000000       154.543900         0.000000        34.503520        60.000000         0.000000
1643124164.0000         0.000000       -90.619000         0.000000       149.324300         0.000000        29.530240         0.000000       -84.322200         0.000000       154.555400         0.000000        34.509250        60.000000        -0.010000
1643124165.0000         0.000000       -90.710680         0.000000       149.232600         0.000000        29.432840         0.000000       -84.368030         0.000000       154.515300         0.000000        34.469140        60.001000         0.020000
1643124166.0000         0.000000       -90.991420         0.000000       148.969000         0.000000        29.163550         0.000000       -84.729000         0.000000       154.194400         0.000000        34.131100        59.999000        -0.060000
1643124167.0000         0.000000       -91.919620         0.000000       148.023700         0.000000        28.235360         0.000000       -85.691570         0.000000       153.214600         0.000000        33.139880        59.996000         0.010000
1643124168.0000         0.000000       -93.311900         0.000000       146.637100         0.000000        26.843070         0.000000       -86.911960         0.000000       152.005700         0.000000        31.908020        59.996000         0.000000
1643124169.0000         0.000000       -95.168290         0.000000       144.780700         0.000000        24.980960         0.000000       -88.837100         0.000000       150.092000         0.000000        30.011530        59.994000         0.010000
1643124170.0000         0.000000       -97.752330         0.000000       142.202400         0.000000        22.408380         0.000000       -91.409680         0.000000       147.508000         0.000000        27.427490        59.992000         0.010000
1643124171.0000         0.000000      -100.897900         0.000000       139.051100         0.000000        19.257110         0.000000       -94.612520         0.000000       144.299400         0.000000        24.207470        59.990000        -0.010000
1643124172.0000         0.000000      -104.805400         0.000000       135.143600         0.000000        15.355270         0.000000       -98.502910         0.000000       140.403300         0.000000        20.322810        59.988000         0.020000
1643124173.0000         0.000000      -105.470100         0.000000       134.484600         0.000000        14.690640         0.000000       -99.167530         0.000000       139.761600         0.000000        19.669640        59.988000         0.010000          *
1643124174.0000         0.000000      -105.470100         0.000000       134.484600         0.000000        14.690640         0.000000       -99.167530         0.000000       139.761600         0.000000        19.669640        59.988000         0.010000          *
1643124175.0000         0.000000      -105.470100         0.000000       134.484600         0.000000        14.690640         0.000000       -99.167530         0.000000       139.761600         0.000000        19.669640        59.988000         0.010000          *
1643124176.0000         0.000000      -105.470100         0.000000       134.484600         0.000000        14.690640         0.000000       -99.167530         0.000000       139.761600         0.000000        19.669640        59.988000         0.010000          *
1643124177.0000         0.000000      -105.470100         0.000000       134.484600         0.000000        14.690640         0.000000       -99.167530         0.000000       139.761600         0.000000        19.669640        59.988000         0.010000          *
1643124178.0000         0.000000      -105.470100         0.000000       134.484600         0.000000        14.690640         0.000000       -99.167530         0.000000       139.761600         0.000000        19.669640        59.988000         0.010000          *
1643124179.0000         0.000000      -105.470100         0.000000       134.484600         0.000000        14.690640         0.000000       -99.167530         0.000000       139.761600         0.000000        19.669640        59.988000         0.010000          *
