Terminal: LT 525  IVAIPORA ELS - IVAIPORA FUR C2
Tensão base: 525 kV
SOC inicial: 1643124120
SOC final: 1643124179
Taxa: 1 fasores/s
Total de frames faltantes: - 

Tempo_(SOC)           VA_mod_(V)     VA_ang_(graus)     VB_mod_(V)     VB_ang_(graus)     VC_mod_(V)     VC_ang_(graus)     IA_mod_(A)     IA_ang_(graus)     IB_mod_(A)     IB_ang_(graus)     IC_mod_(A)     IC_ang_(graus)     Frequência        Delta_Freq     Faltante
1643124120.0000    314866.800000      -105.759900    313998.800000       133.952800    312207.800000        14.082590       306.491300        95.441280       303.139300       -24.576360       307.942000      -143.674400        59.974620         0.021057
1643124121.0000    314742.100000      -114.856700    313969.700000       124.873500    312209.500000         4.979038       307.973800        86.692530       304.561200       -33.623510       308.637100      -152.597800        59.974160        -0.034103
1643124122.0000    314735.900000      -124.296600    313828.300000       115.423600    312095.600000        -4.441242       306.817700        77.175770       303.408100       -42.711380       309.589500      -161.957300        59.973340         0.021973
1643124123.0000    314811.300000      -134.256000    314046.000000       105.474500    312263.600000       -14.421750       305.725400        67.228520       302.219900       -52.902940       307.220200      -171.900500        59.972400        -0.004349
1643124124.0000    314881.200000      -144.450400    314048.500000        95.276670    312297.500000       -24.605560       305.641000        57.058170       301.896800       -63.063940       307.046700       177.930800        59.971600         0.026779
1643124125.0000    314856.100000      -155.157200    314000.900000        84.551470    312167.600000       -35.318870       306.287400        46.164150       302.488700       -73.938210       307.934300       167.058400        59.970810         0.050812
1643124126.0000    314696.500000      -166.384600    313959.700000        73.331660    312124.400000       -46.558360       307.594000        35.230130       303.490600       -85.017330       307.883200       156.043800        59.967850        -0.024719
1643124127.0000    314843.300000      -177.981600    313991.700000        61.736460    312220.200000       -58.135500       308.670200        23.049590       304.160000       -96.928250       310.093300       144.130800        59.967490        -0.006866
1643124128.0000    314879.900000       170.816600    313997.000000        50.549300    312288.600000       -69.328260       306.507700        12.256560       303.692400      -107.838500       308.192600       132.984700        59.968540         0.009384
1643124129.0000    314815.100000       159.300400    314021.300000        39.012310    312185.100000       -80.863270       308.970900         0.565148       305.156000      -119.622400       309.815200       121.422400        59.968250         0.055161
1643124130.0000    314919.100000       147.973800    314157.100000        27.702860    312396.000000       -92.187230       307.095100       -10.694420       303.107000      -130.827700       307.922900       110.232800        59.969900         0.061569
1643124131.0000    314620.800000       136.369900    313819.700000        16.086220    312008.300000      -103.798700       307.488100       -22.033950       303.587300      -142.256800       308.375100        98.807880        59.965390        -0.058594
1643124132.0000    314641.100000       124.068600    313837.900000         3.775090    311985.800000      -116.101400       307.928800       -34.312870       303.792500      -154.456200       308.739300        86.566330        59.965070        -0.016022
1643124133.0000    314714.400000       111.136700    313925.300000        -9.153234    312095.100000      -129.034100       309.039100       -47.483280       305.302500      -167.549700       310.852500        73.412140        59.962770        -0.059052
1643124134.0000    314611.500000        97.592040    313852.400000       -22.704740    311973.700000      -142.587200       309.173700       -60.626010       304.920600       179.004300       308.993400        60.193210        59.962040         0.039368
1643124135.0000    314820.300000        83.312620    313967.000000       -36.978440    312160.900000      -156.850500       308.354900       -75.211750       304.078900       164.678700       309.555100        45.714940        59.959840         0.005493
1643124136.0000    314837.500000        68.848300    314006.500000       -51.439990    312182.700000      -171.316400       309.941300       -89.909340       304.971300       150.028900       311.063000        31.097950        59.959170        -0.052872
1643124137.0000    314816.900000        54.769590    313992.300000       -65.509180    312232.800000       174.609300       309.212300      -103.880300       305.732100       135.908200       309.979700        16.902700        59.962300         0.033875
1643124138.0000    314947.900000        41.335380    314144.700000       -78.940190    312369.500000       161.174500       308.655800      -117.529200       304.993200       122.383300       309.828300         3.390413        59.964340         0.024948
1643124139.0000    314807.700000        28.602560    313983.600000       -91.686970    312173.700000       148.437500       308.447100      -130.045400       304.772400       109.712200       309.151700        -9.232209        59.966670         0.086517
1643124140.0000    314815.700000        16.001430    314015.600000      -104.274500    312251.300000       135.838500       308.608900      -142.585700       304.999300        97.222310       309.567000       -21.733440        59.965880         0.014420
1643124141.0000    314821.900000         3.983787    313986.600000      -116.308100    312158.600000       123.820500       309.088600      -154.715100       304.306500        85.089260       309.699100       -33.776740        59.968040         0.024033
1643124142.0000    314802.200000        -7.781222    313987.700000      -128.063300    312169.500000       112.056000       308.890800      -166.558900       305.173500        73.225050       309.908800       -45.798160        59.967360         0.002289
1643124143.0000    314923.000000       -18.944990    314101.000000      -139.222700    312344.000000       100.895700       308.248700      -177.854700       304.779900        62.038900       309.938400       -57.049530        59.969160        -0.018082
1643124144.0000    314945.700000       -29.439310    314063.400000      -149.724000    312279.000000        90.406490       308.008800       171.798100       304.141100        51.711320       309.146800       -67.261200        59.971730         0.035934
1643124145.0000    314798.200000       -39.584590    313940.700000      -159.861500    312178.700000        80.263240       308.918800       161.653900       305.110900        41.570160       310.309200       -77.462010        59.973030         0.039825
1643124146.0000    314770.000000       -49.240030    313867.300000      -169.513200    312141.800000        70.617070       308.212100       152.124500       304.418100        32.157070       309.964300       -86.963090        59.974700         0.064316
1643124147.0000    314864.800000       -58.791440    314005.700000      -179.074900    312210.000000        61.053180       308.374100       142.372800       304.433000        22.329450       309.583300       -96.701840        59.973680        -0.002518
1643124148.0000    314840.700000       -68.188870    313940.700000       171.518100    312148.000000        51.660530       306.884000       133.125800       302.685400        13.238480       308.845200      -105.830300        59.974420        -0.053329
1643124149.0000    314831.700000       -77.225850    313976.400000       162.483200    312170.000000        42.615690       307.257500       124.188100       302.887500         4.058110       308.637300      -114.917800        59.975770         0.001373
1643124150.0000    314975.400000       -85.753880    314081.300000       153.961000    312318.600000        34.095710       308.687900       115.288200       305.097500        -4.818956       310.076800      -123.860300        59.977870         0.043716
1643124151.0000    314936.200000       -93.278750    314097.700000       146.446700    312358.400000        26.567020       308.002700       107.771100       304.650800       -12.372660       309.204000      -131.456500        59.980820         0.042801
1643124152.0000    315010.100000      -100.243200    314188.500000       139.475500    312383.800000        19.595800       307.780100       100.813500       303.768700       -19.272820       308.881400      -138.266500        59.981260        -0.027237
1643124153.0000    314813.600000      -106.667700    314055.900000       133.052000    312230.000000        13.160240       307.091500        94.894580       303.967600       -25.387450       308.025200      -144.398000        59.982480         0.007553
1643124154.0000    314891.700000      -112.506100    314054.200000       127.199600    312211.900000         7.330696       306.695000        88.739640       302.139300       -31.397430       307.439200      -150.310900        59.985090        -0.004807
1643124155.0000    314948.300000      -117.598700    314096.000000       122.118400    312318.700000         2.245363       307.104200        83.500120       303.849500       -36.523210       308.780600      -155.680400        59.987360         0.017166
1643124156.0000    314948.700000      -121.748100    314157.600000       117.975700    312388.800000        -1.909105       304.463600        79.586970       300.618600       -40.529090       305.699800      -159.584400        59.988830        -0.004120
1643124157.0000    314952.400000      -125.679900    314123.900000       114.039800    312378.000000        -5.835054       304.839800        75.613970       301.380900       -44.459470       306.691300      -163.524000        59.990040         0.013962
1643124158.0000    314971.900000      -129.104700    314136.000000       110.619000    312377.900000        -9.257135       306.180100        72.024690       302.703300       -48.006840       307.984800      -167.094200        59.992440         0.005493
1643124159.0000    314915.900000      -131.495000    314135.600000       108.230900    312346.000000       -11.656190       305.414900        69.676380       301.543100       -50.491520       306.266800      -169.512900        59.993520        -0.002060
1643124160.0000    315004.000000      -133.272000    314156.800000       106.442300    312357.600000       -13.429980       305.893800        67.786500       302.021700       -52.297200       307.113600      -171.327700        59.996380        -0.016479
1643124161.0000    314897.400000      -134.189100    314061.400000       105.533500    312289.300000       -14.346340       304.039200        67.183800       300.691600       -52.919540       305.619200      -171.931500        59.997780        -0.012817
1643124162.0000    314844.500000      -134.750200    314039.200000       104.966800    312221.300000       -14.915300       305.586300        66.474310       302.258100       -53.733720       306.575300      -172.682200        59.998380        -0.058136
1643124163.0000    314726.000000      -134.844200    313850.800000       104.868200    312042.300000       -15.003150       304.930500        66.590040       300.844800       -53.530950       306.108800      -172.444100        60.000890         0.041656
1643124164.0000    314841.600000      -134.838600    314016.100000       104.869400    312155.900000       -15.004860       305.192000        66.511490       301.220500       -53.588920       306.513500      -172.584400        60.001030         0.011215
1643124165.0000    314817.300000      -134.842000    314011.400000       104.873700    312178.600000       -15.007470       304.915400        66.649670       300.873100       -53.330650       306.653400      -172.407500        59.999300         0.010071
1643124166.0000    314710.900000      -135.249900    313832.600000       104.477400    312101.300000       -15.401500       304.957900        66.254280       301.708900       -53.810020       306.664000      -172.890500        59.997430        -0.026321
1643124167.0000    314696.900000      -136.238300    313936.400000       103.468700    312072.200000       -16.413930       305.823200        65.287510       302.081900       -54.891770       307.123700      -173.885300        59.997890         0.034332
1643124168.0000    314812.800000      -137.381900    314056.400000       102.326500    312157.300000       -17.555970       304.920700        63.947630       300.978300       -56.133130       306.251100      -175.132800        59.995920        -0.023346
1643124169.0000    314725.700000      -139.341300    313932.300000       100.383400    312149.900000       -19.507980       305.849300        62.015010       301.900800       -58.076560       306.905900      -177.001900        59.994480         0.037766
1643124170.0000    314714.800000      -141.863300    313881.100000        97.856250    312104.300000       -22.022170       305.230400        59.830150       301.393900       -60.353180       306.385200      -179.329500        59.991500        -0.011673
1643124171.0000    314679.200000      -145.090800    313909.700000        94.620080    312041.600000       -25.264810       306.269300        56.800060       302.402800       -63.456780       307.089100       177.598700        59.989480        -0.035019
1643124172.0000    314722.500000      -149.020400    313875.800000        90.690830    312058.000000       -29.182600       306.443100        52.505210       302.072300       -67.673610       307.093200       173.464800        59.988130         0.014191
1643124173.0000    314673.600000      -153.789300    313882.000000        85.933700    312090.300000       -33.957380       305.719900        48.220090       302.046500       -72.115970       306.147800       168.909300        59.985370        -0.022888
1643124174.0000    314614.700000      -159.709500    313772.300000        80.002260    311943.900000       -39.873020       305.780200        42.090260       302.275900       -78.020210       306.980800       162.961700        59.982730         0.017624
1643124175.0000    314646.100000      -166.316800    313863.400000        73.401960    312055.400000       -46.482720       306.360600        35.451990       302.430900       -84.699940       307.386200       156.399600        59.979960        -0.027008
1643124176.0000    314611.300000      -173.809800    313797.200000        65.921030    312045.800000       -53.970290       306.325000        28.010800       302.895400       -92.187200       307.575400       148.797800        59.977070        -0.076218
1643124177.0000    314807.000000       178.438900    313947.500000        58.147540    312119.900000       -61.720860       306.264600        19.785840       301.880700      -100.281300       307.252600       140.803400        59.978870        -0.020370
1643124178.0000    314664.800000       170.436800    313817.100000        50.159180    312058.200000       -69.715940       305.921500        12.113060       302.905000      -108.036000       307.468600       132.858000        59.977750         0.031815
1643124179.0000    314632.800000       161.653000    313874.900000        41.373490    312054.500000       -78.516920       307.367600         3.382079       303.546900      -116.897400       307.777600       124.132300        59.976010         0.054703
