Terminal: LT 500  ITUMBIARA - SAMAMBAIA C1
Tensão base: 500 kV
SOC inicial: 1643124120
SOC final: 1643124179
Taxa: 1 fasores/s
Total de frames faltantes: - 

Tempo_(SOC)           VA_mod_(V)     VA_ang_(graus)     VB_mod_(V)     VB_ang_(graus)     VC_mod_(V)     VC_ang_(graus)     IA_mod_(A)     IA_ang_(graus)     IB_mod_(A)     IB_ang_(graus)     IC_mod_(A)     IC_ang_(graus)     Frequência        Delta_Freq     Faltante
1643124120.0000         0.000000       -61.552860         0.000000       178.407600         0.000000        58.533370         0.000000       127.563300         0.000000         7.488558         0.000000      -111.388700        59.975000         0.000000
1643124121.0000         0.000000       -70.622780         0.000000       169.337700         0.000000        49.451990         0.000000       118.545000         0.000000        -1.512609         0.000000      -120.418500        59.974000        -0.020000
1643124122.0000         0.000000       -80.065120         0.000000       159.901100         0.000000        40.021100         0.000000       109.131300         0.000000       -10.966410         0.000000      -129.843700        59.973000        -0.030000
1643124123.0000         0.000000       -90.097610         0.000000       149.862800         0.000000        29.982880         0.000000        99.138890         0.000000       -20.947340         0.000000      -139.853300        59.972000        -0.020000
1643124124.0000         0.000000      -100.359300         0.000000       139.606900         0.000000        19.726940         0.000000        88.808460         0.000000       -31.289220         0.000000      -150.183700        59.971000         0.010000
1643124125.0000         0.000000      -111.022000         0.000000       128.944200         0.000000         9.058463         0.000000        78.208740         0.000000       -41.900400         0.000000      -160.794900        59.970000         0.000000
1643124126.0000         0.000000      -122.166100         0.000000       117.788700         0.000000        -2.085566         0.000000        67.030330         0.000000       -53.044430         0.000000      -171.956100        59.968000         0.000000
1643124127.0000         0.000000      -133.785600         0.000000       106.180500         0.000000       -13.693690         0.000000        55.445130         0.000000       -64.641100         0.000000       176.453800        59.968000         0.010000
1643124128.0000         0.000000      -145.078600         0.000000        94.899000         0.000000       -24.980960         0.000000        43.991700         0.000000       -76.100260         0.000000       165.006100        59.969000        -0.040000
1643124129.0000         0.000000      -156.428900         0.000000        83.531520         0.000000       -36.336980         0.000000        32.830480         0.000000       -87.250020         0.000000       153.822000        59.968000         0.040000
1643124130.0000         0.000000      -167.848000         0.000000        72.118190         0.000000       -47.761760         0.000000        21.359870         0.000000       -98.697710         0.000000       142.374300        59.969000         0.010000
1643124131.0000         0.000000      -179.358700         0.000000        60.607480         0.000000       -59.272480         0.000000         9.854874         0.000000      -110.219900         0.000000       130.846400        59.966000        -0.040000
1643124132.0000         0.000000       168.415200         0.000000        48.386290         0.000000       -71.493680         0.000000        -2.177240         0.000000      -122.246300         0.000000       118.808500        59.965000         0.000000
1643124133.0000         0.000000       155.391900         0.000000        35.357230         0.000000       -84.517010         0.000000       -15.269330         0.000000      -135.344100         0.000000       105.727900        59.963000         0.000000
1643124134.0000         0.000000       141.818500         0.000000        21.783860         0.000000       -98.090380         0.000000       -28.951560         0.000000      -149.026300         0.000000        92.039940        59.962000         0.000000
1643124135.0000         0.000000       127.557600         0.000000         7.522936         0.000000      -112.345600         0.000000       -43.086430         0.000000      -163.166900         0.000000        77.916530        59.959000         0.010000
1643124136.0000         0.000000       113.056000         0.000000        -6.967167         0.000000      -126.847100         0.000000       -57.696850         0.000000      -177.794500         0.000000        63.288920        59.960000        -0.020000
1643124137.0000         0.000000        99.064400         0.000000       -20.964530         0.000000      -140.844500         0.000000       -71.619730         0.000000       168.289200         0.000000        49.366040        59.962000         0.000000
1643124138.0000         0.000000        85.708760         0.000000       -34.314440         0.000000      -154.200100         0.000000       -84.860780         0.000000       155.059600         0.000000        36.124990        59.964000         0.020000
1643124139.0000         0.000000        72.920340         0.000000       -47.097130         0.000000      -166.982800         0.000000       -97.729410         0.000000       142.185200         0.000000        23.239170        59.966000         0.040000
1643124140.0000         0.000000        60.395480         0.000000       -59.627720         0.000000      -179.513400         0.000000      -110.145400         0.000000       129.769200         0.000000        10.823170        59.966000         0.010000
1643124141.0000         0.000000        48.351910         0.000000       -71.671290         0.000000       168.443900         0.000000      -122.269200         0.000000       117.639700         0.000000        -1.300614        59.967000         0.040000
1643124142.0000         0.000000        36.606270         0.000000       -83.416920         0.000000       156.692500         0.000000      -133.940300         0.000000       105.997200         0.000000       -12.966030        59.967000         0.010000
1643124143.0000         0.000000        25.410680         0.000000       -94.606790         0.000000       145.502600         0.000000      -145.210400         0.000000        94.727110         0.000000       -24.230380        59.970000         0.000000
1643124144.0000         0.000000        14.885440         0.000000      -105.132000         0.000000       134.983100         0.000000      -155.747100         0.000000        84.184690         0.000000       -34.778540        59.971000         0.010000
1643124145.0000         0.000000         4.852952         0.000000      -115.164500         0.000000       124.950600         0.000000      -165.705100         0.000000        74.249600         0.000000       -44.713630        59.972000         0.050000
1643124146.0000         0.000000        -4.818575         0.000000      -124.836000         0.000000       115.279100         0.000000      -175.428200         0.000000        64.503590         0.000000       -54.402340        59.973000         0.040000
1643124147.0000         0.000000       -14.335400         0.000000      -134.370100         0.000000       105.745100         0.000000       175.124600         0.000000        54.986760         0.000000       -63.873340        59.974000         0.000000
1643124148.0000         0.000000       -23.817860         0.000000      -143.846800         0.000000        96.268370         0.000000       165.596300         0.000000        45.452740         0.000000       -73.401630        59.975000         0.010000
1643124149.0000         0.000000       -32.859130         0.000000      -152.893800         0.000000        87.221370         0.000000       156.486200         0.000000        36.359900         0.000000       -82.500190        59.976000         0.020000
1643124150.0000         0.000000       -41.396200         0.000000      -161.425100         0.000000        78.690030         0.000000       147.949200         0.000000        27.811370         0.000000       -91.042990        59.978000         0.040000
1643124151.0000         0.000000       -48.942050         0.000000      -168.976700         0.000000        71.138440         0.000000       140.288700         0.000000        20.173840         0.000000       -98.674790        59.980000         0.030000
1643124152.0000         0.000000       -55.874840         0.000000      -175.909500         0.000000        64.205650         0.000000       133.459100         0.000000        13.338460         0.000000      -105.515900        59.982000         0.000000
1643124153.0000         0.000000       -62.263320         0.000000       177.691400         0.000000        57.811440         0.000000       126.967400         0.000000         6.864034         0.000000      -112.007500        59.982000         0.000000
1643124154.0000         0.000000       -68.262190         0.000000       171.692500         0.000000        51.818300         0.000000       120.934200         0.000000         0.819330         0.000000      -118.046500        59.985000        -0.030000
1643124155.0000         0.000000       -73.309950         0.000000       166.650500         0.000000        46.770550         0.000000       115.915100         0.000000        -4.194051         0.000000      -123.059900        59.988000         0.020000
1643124156.0000         0.000000       -77.601400         0.000000       162.364800         0.000000        42.479090         0.000000       111.640800         0.000000        -8.462586         0.000000      -127.328400        59.989000         0.010000
1643124157.0000         0.000000       -81.394390         0.000000       158.571800         0.000000        38.686110         0.000000       107.882200         0.000000       -12.192540         0.000000      -131.069800        59.989000         0.030000
1643124158.0000         0.000000       -84.855050         0.000000       155.105400         0.000000        35.225440         0.000000       104.352800         0.000000       -15.733420         0.000000      -134.605000        59.992000        -0.020000
1643124159.0000         0.000000       -87.290120         0.000000       152.670300         0.000000        32.790370         0.000000       101.797400         0.000000       -18.283080         0.000000      -137.166100        59.994000         0.040000
1643124160.0000         0.000000       -89.009000         0.000000       150.945700         0.000000        31.071500         0.000000       100.187400         0.000000       -19.893100         0.000000      -138.764600        59.996000         0.030000
1643124161.0000         0.000000       -89.983020         0.000000       149.977400         0.000000        30.097470         0.000000        99.127430         0.000000       -20.953070         0.000000      -139.824600        59.997000         0.000000
1643124162.0000         0.000000       -90.470040         0.000000       149.484700         0.000000        29.604730         0.000000        98.674790         0.000000       -21.399970         0.000000      -140.254300        59.999000        -0.020000
1643124163.0000         0.000000       -90.475770         0.000000       149.484700         0.000000        29.604730         0.000000        98.674790         0.000000       -21.422890         0.000000      -140.271500        59.999000         0.000000
1643124164.0000         0.000000       -90.544520         0.000000       149.410200         0.000000        29.535970         0.000000        98.680520         0.000000       -21.428620         0.000000      -140.277300        60.000000        -0.010000
1643124165.0000         0.000000       -90.636190         0.000000       149.318500         0.000000        29.438570         0.000000        98.468530         0.000000       -21.652070         0.000000      -140.500700        60.001000         0.020000
1643124166.0000         0.000000       -90.916950         0.000000       149.049200         0.000000        29.169280         0.000000        98.313830         0.000000       -21.749480         0.000000      -140.695500        59.999000        -0.070000
1643124167.0000         0.000000       -91.845130         0.000000       148.109600         0.000000        28.235360         0.000000        97.391370         0.000000       -22.654750         0.000000      -141.566400        59.996000         0.010000
1643124168.0000         0.000000       -93.237420         0.000000       146.723000         0.000000        26.848800         0.000000        95.844380         0.000000       -24.196010         0.000000      -143.142000        59.996000         0.000000
1643124169.0000         0.000000       -95.093800         0.000000       144.866700         0.000000        24.986690         0.000000        94.005190         0.000000       -26.029470         0.000000      -144.946900        59.994000         0.010000
1643124170.0000         0.000000       -97.677840         0.000000       142.282600         0.000000        22.408380         0.000000        91.421140         0.000000       -28.607780         0.000000      -147.542400        59.992000         0.010000
1643124171.0000         0.000000      -100.823400         0.000000       139.137100         0.000000        19.262840         0.000000        88.292790         0.000000       -31.741860         0.000000      -150.682200        59.990000        -0.020000
1643124172.0000         0.000000      -104.731000         0.000000       135.229500         0.000000        15.355270         0.000000        84.442520         0.000000       -35.586410         0.000000      -154.532400        59.988000         0.020000
1643124173.0000         0.000000      -105.389900         0.000000       134.570600         0.000000        14.690640         0.000000        83.783620         0.000000       -36.233850         0.000000      -155.179900        59.988000         0.010000          *
1643124174.0000         0.000000      -105.389900         0.000000       134.570600         0.000000        14.690640         0.000000        83.783620         0.000000       -36.233850         0.000000      -155.179900        59.988000         0.010000          *
1643124175.0000         0.000000      -105.389900         0.000000       134.570600         0.000000        14.690640         0.000000        83.783620         0.000000       -36.233850         0.000000      -155.179900        59.988000         0.010000          *
1643124176.0000         0.000000      -105.389900         0.000000       134.570600         0.000000        14.690640         0.000000        83.783620         0.000000       -36.233850         0.000000      -155.179900        59.988000         0.010000          *
1643124177.0000         0.000000      -105.389900         0.000000       134.570600         0.000000        14.690640         0.000000        83.783620         0.000000       -36.233850         0.000000      -155.179900        59.988000         0.010000          *
1643124178.0000         0.000000      -105.389900         0.000000       134.570600         0.000000        14.690640         0.000000        83.783620         0.000000       -36.233850         0.000000      -155.179900        59.988000         0.010000          *
1643124179.0000         0.000000      -105.389900         0.000000       134.570600         0.000000        14.690640         0.000000        83.783620         0.000000       -36.233850         0.000000      -155.179900        59.988000         0.010000          *
