Terminal: LT 500  TUCURUI - MARABA C4
Tensão base: 500 kV
SOC inicial: 1643124120
SOC final: 1643124179
Taxa: 1 fasores/s
Total de frames faltantes: - 

Tempo_(SOC)           VA_mod_(V)     VA_ang_(graus)     VB_mod_(V)     VB_ang_(graus)     VC_mod_(V)     VC_ang_(graus)     IA_mod_(A)     IA_ang_(graus)     IB_mod_(A)     IB_ang_(graus)     IC_mod_(A)     IC_ang_(graus)     Frequência        Delta_Freq     Faltante
1643124120.0000    309825.600000        -1.590028    311448.400000      -121.743200    310603.100000       118.182000      1213.024000         5.755502      1199.036000      -113.091800      1222.227000       126.372400        59.975140         0.023346
1643124121.0000    309788.100000       -10.581590    311430.800000      -130.738200    310595.500000       109.184400      1213.642000        -3.283386      1199.695000      -122.140400      1223.517000       117.299700        59.974960         0.009155
1643124122.0000    309665.400000       -19.951650    311315.000000      -140.110000    310452.700000        99.812720      1216.262000       -12.708170      1201.923000      -131.552700      1225.302000       107.895700        59.972560        -0.021744
1643124123.0000    309673.200000       -29.916350    311297.000000      -150.075500    310454.500000        89.850270      1217.986000       -22.709620      1203.638000      -141.536400      1227.390000        97.896480        59.972310         0.038223
1643124124.0000    309693.900000       -40.432810    311373.100000      -160.583600    310533.200000        79.335210      1211.590000       -33.086230      1197.885000      -151.919400      1220.820000        87.497790        59.971340        -0.020599
1643124125.0000    309639.600000       -50.880750    311299.600000      -171.030600    310472.600000        68.892700      1217.877000       -43.676390      1204.163000      -162.523500      1227.834000        76.889880        59.970670         0.020828
1643124126.0000    309617.400000       -62.042370    311268.500000       177.804400    310442.500000        57.726310      1216.781000       -54.776210      1202.739000      -173.640700      1225.692000        65.789940        59.968240         0.000000
1643124127.0000    309654.900000       -73.621600    311307.600000       166.226200    310487.800000        46.146400      1216.990000       -66.354680      1203.635000       174.799100      1226.282000        54.215220        59.967030        -0.012131
1643124128.0000    309906.100000       -85.295000    311553.200000       154.552300    310724.400000        34.472710      1209.517000       -77.927630      1195.961000       163.223700      1219.202000        42.638690        59.968070        -0.044174
1643124129.0000    309825.400000       -96.238180    311475.400000       143.610600    310638.900000        23.533080      1217.032000       -89.026890      1202.551000       152.112400      1225.890000        31.554930        59.970050         0.013504
1643124130.0000    309659.500000      -107.683200    311308.300000       132.161700    310481.900000        12.082430      1216.743000      -100.473700      1202.804000       140.668800      1226.437000        20.094690        59.966740        -0.026093
1643124131.0000    309554.200000      -119.154000    311197.700000       120.693400    310384.600000         0.615386      1218.577000      -111.984000      1204.674000       129.162900      1227.991000         8.609941        59.967430        -0.055847
1643124132.0000    309476.800000      -130.976900    311130.500000       108.866800    310278.300000       -11.209570      1226.415000      -123.977000      1211.830000       117.162200      1235.282000        -3.395742        59.964420        -0.034561
1643124133.0000    309506.000000      -144.175800    311155.200000        95.665780    310297.800000       -24.412760      1224.094000      -137.165600      1210.282000       103.998400      1233.686000       -16.552370        59.962800         0.024261
1643124134.0000    309628.400000      -158.031300    311273.100000        81.814360    310421.600000       -38.261410      1217.762000      -150.843800      1203.209000        90.294920      1226.842000       -30.255350        59.961850         0.003662
1643124135.0000    309652.300000      -172.023000    311268.100000        67.822820    310452.900000       -52.249470      1222.796000      -164.959100      1208.236000        76.202220      1232.173000       -44.360530        59.960110         0.000687
1643124136.0000    309757.200000       173.217200    311398.600000        53.061480    310543.300000       -67.011860      1218.398000      -179.634200      1203.814000        61.536380      1227.519000       -59.023500        59.959420        -0.009842
1643124137.0000    309843.100000       159.304500    311495.400000        39.148990    310653.300000       -80.926190      1215.569000       166.482300      1201.176000        47.643700      1225.114000       -72.925620        59.963120         0.003891
1643124138.0000    309768.200000       146.270300    311420.100000        26.115210    310571.900000       -93.962110      1221.284000       153.308600      1207.273000        34.483860      1230.938000       -86.065590        59.964470         0.053329
1643124139.0000    309771.100000       133.367000    311448.300000        13.209940    310588.400000      -106.869100      1222.367000       140.398700      1207.478000        21.532540      1230.780000       -98.996140        59.965940         0.056076
1643124140.0000    309734.700000       121.013800    311382.200000         0.863393    310569.700000      -119.217700      1222.417000       128.003800      1207.863000         9.180313      1231.475000      -111.390700        59.966890         0.015106
1643124141.0000    309713.500000       108.841600    311384.300000       -11.312900    310534.600000      -131.392600      1221.057000       115.875500      1206.898000        -2.956784      1230.785000      -123.511200        59.966300        -0.032043
1643124142.0000    309710.700000        97.286290    311385.700000       -22.870330    310538.400000      -142.950600      1223.857000       104.273900      1209.647000       -14.556050      1233.330000      -135.121200        59.968190         0.016708
1643124143.0000    309815.300000        85.905290    311481.500000       -34.249970    310610.700000      -154.329700      1219.365000        93.028330      1204.511000       -25.839610      1227.744000      -146.373100        59.968980        -0.018768
1643124144.0000    309794.400000        75.322090    311476.800000       -44.829910    310639.000000      -164.912200      1218.291000        82.483710      1203.465000       -36.353090      1227.155000      -156.896400        59.971490         0.002975
1643124145.0000    309688.700000        65.555440    311378.800000       -54.599700    310547.500000      -174.678400      1223.853000        72.618730      1209.658000       -46.234470      1233.066000      -166.777400        59.972890        -0.015564
1643124146.0000    309736.200000        55.823470    311425.600000       -64.330400    310581.600000       175.590900      1222.238000        62.936170      1207.499000       -55.926200      1231.234000      -176.490100        59.973400         0.006180
1643124147.0000    309758.700000        46.428350    311440.200000       -73.726550    310579.200000       166.193800      1225.395000        53.455480      1211.658000       -65.407390      1234.515000       174.019900        59.975050         0.029755
1643124148.0000    309653.600000        36.876690    311291.100000       -83.272070    310477.700000       156.646100      1225.248000        44.002420      1211.855000       -74.850620      1234.963000       164.569600        59.972950        -0.016479
1643124149.0000    309860.000000        27.601010    311491.200000       -92.553450    310641.400000       147.372300      1219.509000        34.794900      1205.425000       -84.045500      1228.767000       155.378200        59.976230         0.025864
1643124150.0000    309935.100000        19.089280    311580.600000      -101.062900    310771.100000       138.859500      1220.907000        26.207710      1207.857000       -92.630740      1230.514000       146.765000        59.976920        -0.030441
1643124151.0000    309967.600000        11.341000    311617.500000      -108.819500    310749.400000       131.106600      1217.431000        18.539180      1203.263000      -100.317400      1226.307000       139.101700        59.980810         0.010529
1643124152.0000    309801.800000         4.698469    311429.200000      -115.458500    310586.300000       124.467100      1224.054000        11.801420      1209.775000      -107.039900      1233.116000       132.402100        59.981330        -0.009155
1643124153.0000    309803.100000        -1.884501    311475.600000      -122.041000    310626.400000       117.882600      1220.426000         5.322816      1206.163000      -113.527900      1229.547000       125.921700        59.982750         0.004349
1643124154.0000    309905.300000        -7.958491    311561.100000      -128.112300    310713.000000       111.813000      1221.093000        -0.755232      1206.679000      -119.615700      1230.034000       119.828300        59.983280         0.001602
1643124155.0000    309997.800000       -13.023460    311668.800000      -133.183700    310774.500000       106.744400      1218.787000        -5.779604      1204.678000      -124.638900      1227.953000       114.809200        59.988070         0.037079
1643124156.0000    309779.900000       -17.263150    311445.200000      -137.421800    310597.200000       102.504100      1220.384000        -9.994217      1206.705000      -128.849900      1229.940000       110.585900        59.989220         0.035477
1643124157.0000    309778.900000       -20.959970    311451.500000      -141.111000    310614.000000        98.807530      1221.386000       -13.775580      1207.918000      -132.621700      1230.703000       106.789100        59.990540        -0.003204
1643124158.0000    309755.800000       -24.562010    311408.200000      -144.714300    310576.800000        95.205060      1221.301000       -17.258250      1207.505000      -136.144900      1230.223000       103.291400        59.990960         0.005722
1643124159.0000    309963.500000       -27.266360    311598.300000      -147.419900    310747.800000        92.504560      1215.926000       -19.918470      1201.579000      -138.781400      1225.021000       100.663900        59.994570        -0.031586
1643124160.0000    309932.900000       -28.704040    311595.900000      -148.861600    310735.000000        91.064090      1220.011000       -21.397490      1206.158000      -140.271000      1229.124000        99.167350        59.996520        -0.015793
1643124161.0000    309960.500000       -29.846820    311603.700000      -149.996500    310771.400000        89.924610      1217.477000       -22.397780      1203.448000      -141.272200      1226.642000        98.165780        59.998440         0.053101
1643124162.0000    310075.800000       -30.272400    311698.200000      -150.423300    310882.000000        89.499170      1215.115000       -22.876410      1201.305000      -141.735700      1224.814000        97.697880        60.000430         0.008469
1643124163.0000    309976.600000       -30.246730    311629.900000      -150.401700    310787.100000        89.523410      1216.507000       -22.838770      1202.606000      -141.686200      1225.698000        97.730810        60.000630         0.011215
1643124164.0000    309872.500000       -30.157570    311511.900000      -150.312900    310664.800000        89.610480      1221.332000       -22.787870      1207.566000      -141.679200      1230.256000        97.765630        59.997540        -0.108261
1643124165.0000    309914.400000       -30.601870    311552.400000      -150.761100    310694.900000        89.170200      1214.460000       -23.079810      1200.560000      -141.936700      1223.874000        97.496690        59.998520         0.001144
1643124166.0000    309840.000000       -30.631000    311476.200000      -150.790100    310628.600000        89.133440      1218.748000       -23.197080      1204.170000      -142.043200      1227.494000        97.397820        60.002090         0.095444
1643124167.0000    309773.800000       -31.408250    311402.000000      -151.557100    310592.800000        88.366530      1222.573000       -24.055270      1208.371000      -142.905900      1231.706000        96.562530        59.995170         0.006180
1643124168.0000    309887.900000       -33.316960    311523.900000      -153.471900    310707.100000        86.452030      1214.367000       -25.735440      1199.961000      -144.578500      1223.508000        94.868670        59.994110         0.002518
1643124169.0000    309971.900000       -35.172920    311631.500000      -155.325600    310773.200000        84.598420      1212.106000       -27.534480      1197.431000      -146.410300      1220.355000        93.057300        59.995870         0.046692
1643124170.0000    309812.100000       -37.675170    311481.000000      -157.823100    310645.000000        82.093400      1215.348000       -30.104180      1201.589000      -148.977300      1223.962000        90.473420        59.991550        -0.018768
1643124171.0000    309888.500000       -40.809210    311540.300000      -160.959200    310721.100000        78.963840      1213.455000       -33.270260      1199.311000      -152.124300      1222.587000        87.327990        59.990580         0.013962
1643124172.0000    309793.000000       -44.608070    311412.900000      -164.754200    310612.000000        75.167880      1215.630000       -37.072460      1201.287000      -155.959700      1224.913000        83.509880        59.986730        -0.060425
1643124173.0000    309769.100000       -49.461920    311396.100000      -169.608500    310603.100000        70.312090      1214.622000       -41.998490      1200.956000      -160.819200      1224.059000        78.606690        59.985530        -0.013962
1643124174.0000    309727.200000       -55.014790    311362.700000      -175.164200    310550.300000        64.761030      1217.172000       -47.568230      1202.744000      -166.428700      1226.049000        73.009900        59.982950         0.003891
1643124175.0000    309763.200000       -61.843180    311400.800000       178.005500    310569.200000        57.926560      1215.622000       -54.333790      1201.509000      -173.210300      1224.866000        66.205250        59.979380         0.000687
1643124176.0000    309898.100000       -69.406680    311559.000000       170.448300    310734.700000        50.364770      1213.445000       -61.934150      1199.460000       179.197400      1222.723000        58.643180        59.979440        -0.017395
1643124177.0000    309961.700000       -77.455740    311622.000000       162.390300    310792.100000        42.313060      1211.810000       -69.978070      1197.719000       171.174600      1221.470000        50.606580        59.978120         0.039368
1643124178.0000    310076.800000       -85.332210    311694.200000       154.517500    310897.400000        34.441590      1211.456000       -77.885110      1197.307000       163.267800      1220.714000        42.712360        59.979370         0.022659
1643124179.0000    309836.900000       -93.623440    311498.800000       146.224100    310651.500000        26.142910      1220.154000       -86.362370      1205.723000       154.810400      1229.077000        34.251420        59.974290        -0.018311
