Terminal: LT 500  C. PAULISTA - ITAJUBA 3 C1
Tensão base: 500 kV
SOC inicial: 1643124120
SOC final: 1643124179
Taxa: 1 fasores/s
Total de frames faltantes: - 

Tempo_(SOC)           VA_mod_(V)     VA_ang_(graus)     VB_mod_(V)     VB_ang_(graus)     VC_mod_(V)     VC_ang_(graus)     IA_mod_(A)     IA_ang_(graus)     IB_mod_(A)     IB_ang_(graus)     IC_mod_(A)     IC_ang_(graus)     Frequência        Delta_Freq     Faltante
1643124120.0000    309024.900000        23.867370    311348.800000       143.435900    312164.500000       -96.077580       250.934100      -171.207300       245.620900       -48.898220       240.551900        69.290400        59.972830         0.138249
1643124121.0000    308887.300000        14.743350    311136.200000       134.407200    311562.700000      -105.165200       252.245100       179.582600       243.235000       -58.684520       241.926300        59.117790        59.971460        -0.246349
1643124122.0000    308817.500000         5.351454    310821.200000       124.871600    312029.100000      -114.671300       250.142300       169.732300       247.939000       -68.245850       242.489700        50.752420        59.972200        -0.448898
1643124123.0000    309256.300000        -4.737656    311526.800000       114.894700    312080.000000      -124.659300       250.754600       160.609000       243.470500       -77.556920       241.009900        40.560270        59.970840        -0.422487
1643124124.0000    309318.300000       -14.922860    311561.500000       104.680700    312265.800000      -134.862800       250.589000       150.382800       243.965000       -87.606030       240.655200        30.512430        59.972290         0.082814
1643124125.0000    309251.000000       -25.606120    311604.900000        93.969310    312372.200000      -145.544500       249.479200       139.736600       243.847000       -97.872950       238.849900        20.259020        59.971890        -0.179935
1643124126.0000    308765.800000       -36.832730    311292.800000        82.809870    311671.000000      -156.707700       253.576800       128.007600       244.362400      -109.645900       241.119000         7.808759        59.967450         0.154286
1643124127.0000    309141.100000       -48.336530    311473.000000        71.217420    312360.600000      -168.289000       248.315600       116.540100       243.400500      -120.990500       237.594000        -2.687295        59.967280        -0.022681
1643124128.0000    309123.500000       -59.615070    311159.200000        60.003170    311907.100000      -179.581400       250.821500       105.330500       242.828200      -133.024700       241.614300       -14.912670        59.966970        -0.450506
1643124129.0000    309148.500000       -71.094410    311611.000000        48.534070    312076.900000       169.011400       250.711400        94.381580       242.404600      -143.406400       239.147100       -25.750060        59.967580        -0.048880
1643124130.0000    309185.700000       -82.489560    311564.700000        37.153050    312013.000000       157.611200       251.976000        82.607620       244.160200      -155.159800       240.497800       -37.393930        59.971680         0.152331
1643124131.0000    308734.600000       -94.083340    311177.000000        25.561330    311582.100000       146.028500       252.268900        71.217890       243.919000      -166.548400       240.670100       -48.816200        59.963920        -0.262824
1643124132.0000    308754.700000      -106.354200    311263.700000        13.255720    311800.100000       133.750600       251.632900        59.048070       244.880700      -178.480900       239.899700       -60.656390        59.964040        -0.344977
1643124133.0000    308925.300000      -119.215000    311186.600000         0.405598    311799.300000       120.854500       247.340100        45.646690       241.377900       167.446000       238.666400       -74.290890        59.962680        -0.060437
1643124134.0000    308650.300000      -132.842100    311327.700000       -13.190280    311598.200000       107.308100       251.202300        31.991000       241.415100       154.532700       237.729800       -88.335370        59.961520         0.076833
1643124135.0000    309012.900000      -147.075500    311459.000000       -27.473050    312054.800000        93.013930       247.593300        17.969250       240.086500       140.426700       235.715900      -101.740600        59.960940         0.269538
1643124136.0000    309048.900000      -161.494300    311588.500000       -41.905480    312206.100000        78.601260       246.314800         3.465632       239.734500       126.148800       234.243400      -116.042300        59.958140        -0.397394
1643124137.0000    309029.100000      -175.592900    311345.800000       -55.947040    311820.100000        64.498860       248.729600       -10.204650       240.408700       111.797600       238.142400      -130.450200        59.961580         0.036654
1643124138.0000    309394.500000       170.979300    311700.900000       -69.408260    312324.300000        51.050930       248.100700       -22.844180       241.633500        99.217380       238.322200      -142.632200        59.965590        -0.192443
1643124139.0000    308908.100000       158.200100    311374.700000       -82.155600    311783.300000        38.315880       250.475600       -36.576280       241.321900        85.762150       238.265700      -156.811100        59.969060         0.417232
1643124140.0000    309105.800000       145.627100    311461.000000       -94.733170    311934.800000        25.720830       250.199000       -48.589730       242.040300        73.563990       239.174700      -168.804000        59.967400         0.062254
1643124141.0000    308752.500000       133.606400    311330.500000      -106.781100    311821.700000        13.720900       251.254800       -61.274380       242.538100        61.273280       238.298000       178.667400        59.965330        -0.373217
1643124142.0000    309151.500000       121.839700    311510.800000      -118.515900    311961.400000         1.935704       249.097500       -72.250630       240.101800        49.892560       237.764800       167.427200        59.966140        -0.087690
1643124143.0000    309328.300000       110.672600    311534.900000      -129.695800    312118.100000        -9.262579       249.335000       -83.189990       242.168400        38.600060       239.891400       156.631900        59.969090         0.051076
1643124144.0000    309141.600000       100.172800    311457.200000      -140.224700    312124.900000       -19.760310       250.247500       -94.052160       242.222000        28.046370       239.379600       145.949700        59.972020         0.173028
1643124145.0000    309063.700000        90.077480    311343.400000      -150.305700    311960.900000       -29.851940       249.327800      -104.051800       241.294800        18.097200       238.294300       135.912700        59.972710         0.274847
1643124146.0000    308968.200000        80.460440    311181.300000      -159.968900    312050.600000       -39.504150       248.054400      -114.064700       242.225700         8.279125       237.337100       126.399200        59.975480         0.106853
1643124147.0000    309311.300000        70.875530    311548.700000      -169.532900    312297.200000       -49.076400       248.342200      -122.915900       241.835600        -0.851040       238.506200       117.274100        59.972930         0.110908
1643124148.0000    309051.200000        61.485850    311346.300000      -178.979300    312343.200000       -58.483710       246.878300      -133.090700       243.073000       -10.688760       237.084300       107.814200        59.975200        -0.143752
1643124149.0000    309015.900000        52.418370    311412.300000       172.014500    312073.400000       -67.502570       249.138300      -142.142400       242.104300       -19.660310       237.629400        98.111910        59.976940         0.273456
1643124150.0000    309469.000000        43.956290    311700.000000       163.555700    312431.300000       -75.989050       246.841500      -150.080200       239.752800       -28.119980       236.982400        89.903050        59.980160         0.297436
1643124151.0000    309494.400000        36.364160    311631.000000       155.998900    312219.600000       -83.578770       247.902300      -157.438700       239.686800       -35.860910       239.173100        82.188070        59.980940         0.045298
1643124152.0000    309530.500000        29.394990    311855.100000       149.005200    312487.800000       -90.530540       247.301300      -164.225000       240.539500       -42.103620       237.119100        75.939830        59.981390        -0.088665
1643124153.0000    309095.600000        22.918680    311409.300000       142.587800    311763.500000       -96.979060       251.270400      -171.057300       242.386800       -49.385990       241.467800        68.419220        59.981490        -0.101269
1643124154.0000    309108.600000        17.087540    311585.900000       136.691400    312180.100000      -102.817200       248.834900      -177.477800       241.121200       -55.146770       237.286300        62.558760        59.980580        -0.332560
1643124155.0000    309138.500000        12.055190    311306.400000       131.651300    312070.900000      -107.902600       247.645700       177.101900       241.612500       -60.977890       238.607500        57.270020        59.988290         0.098546
1643124156.0000    309339.900000         7.762866    311534.000000       127.389300    312154.700000      -112.173900       248.412500       173.384700       241.186000       -64.825450       238.863200        53.279300        59.987950         0.186412
1643124157.0000    309475.800000         3.870029    311688.800000       123.479900    312378.500000      -116.071900       249.267600       170.082600       242.745800       -67.975620       239.661100        50.208810        59.991480         0.331204
1643124158.0000    309351.900000         0.507905    311566.600000       120.127600    312215.000000      -119.430800       248.062800       166.163700       240.907300       -72.084950       238.457400        46.050300        59.990490        -0.102979
1643124159.0000    309324.800000        -1.958865    311616.900000       117.685500    312102.700000      -121.870900       250.187900       163.808400       242.393400       -74.384250       240.351500        43.621650        59.993170         0.022512
1643124160.0000    309425.800000        -3.669810    311668.700000       115.932700    312367.500000      -123.613700       247.403000       162.272200       240.889700       -75.873790       238.201600        42.328600        59.996220        -0.171650
1643124161.0000    309200.300000        -4.638389    311395.200000       114.971800    312102.700000      -124.585400       248.888400       160.905100       242.549300       -77.244050       239.908500        41.069920        59.997620        -0.088051
1643124162.0000    309281.500000        -5.189098    311658.400000       114.436800    312201.100000      -125.099500       249.544000       160.769200       242.316800       -77.164150       239.361700        40.844260        59.998760        -0.111274
1643124163.0000    308862.200000        -5.264294    311191.800000       114.321900    311937.300000      -125.201800       250.399500       160.493100       245.015500       -77.398310       240.512800        40.891910        60.000050        -0.010811
1643124164.0000    309136.900000        -5.264152    311471.500000       114.333000    312165.300000      -125.198000       248.897600       160.462800       242.866600       -77.528720       239.413800        40.707950        59.998700        -0.033695
1643124165.0000    309030.800000        -5.279944    311262.000000       114.319600    311991.500000      -125.227100       247.336400       159.875100       241.775400       -78.446180       239.315800        40.108520        59.997340         0.116355
1643124166.0000    308981.900000        -5.641878    311061.700000       113.969700    311804.300000      -125.604100       248.908100       159.656800       243.203600       -78.773530       241.424900        39.737980        59.997700         0.240219
1643124167.0000    308820.400000        -6.635681    311354.300000       112.979000    311855.600000      -126.526400       251.460600       158.724800       243.528700       -79.005190       240.110400        38.792350        59.998180        -0.059641
1643124168.0000    309229.000000        -7.835399    311664.900000       111.767700    312271.100000      -127.747200       248.361400       157.539800       241.810300       -80.124700       237.211000        37.818590        59.996500        -0.092421
1643124169.0000    309150.300000        -9.776002    311557.800000       109.857000    312039.600000      -129.675600       248.813500       155.816000       240.738400       -81.967560       237.389000        35.756420        59.997140         0.317445
1643124170.0000    308696.800000       -12.321240    311121.900000       107.284700    311717.800000      -132.233200       250.027500       152.131700       243.209200       -85.612560       238.929600        32.234470        59.989990         0.234423
1643124171.0000    308385.800000       -15.568300    311077.200000       104.099900    311253.900000      -135.406300       253.267200       148.939200       242.516500       -88.629600       239.687400        28.326190        59.989410        -0.095233
1643124172.0000    308731.200000       -19.464270    311268.400000       100.164700    311713.300000      -139.345200       250.995400       145.547200       242.398200       -92.258630       239.421300        25.375650        59.986840        -0.075096
1643124173.0000    308713.100000       -24.274520    311156.800000        95.408650    311383.800000      -144.144000       253.188400       141.061100       242.570600       -97.072180       241.742500        20.294760        59.983450        -0.139539
1643124174.0000    308769.400000       -30.092190    311028.500000        89.527790    311639.600000      -150.023100       251.538300       135.418200       244.611500      -102.758800       241.932100        15.345600        59.982680         0.128787
1643124175.0000    308635.800000       -36.718510    311060.100000        82.897740    311615.800000      -156.624600       251.266500       128.336900       244.610400      -109.539600       240.698700         8.518551        59.977350        -0.134279
1643124176.0000    308984.800000       -44.183820    311223.700000        75.467270    311700.900000      -164.101900       248.928900       121.696100       241.328300      -116.604300       239.769300         1.528117        59.975550        -0.495356
1643124177.0000    309049.300000       -51.929100    311597.500000        67.648350    312267.700000      -171.837600       246.771300       113.204500       240.731700      -123.982300       234.332000        -6.159528        59.979190        -0.246693
1643124178.0000    308964.200000       -59.913060    311135.300000        59.705740    311800.500000      -179.860400       248.738600       105.763800       241.560200      -132.549000       240.021600       -14.355430        59.980740         0.384493
1643124179.0000    309021.700000       -68.715520    311416.300000        50.933300    311838.200000       171.388200       249.909500        97.308170       241.394500      -140.630900       238.898700       -22.955230        59.977050         0.394693
