Terminal: LT 500  IBIUNA - BATEIAS C1
Tensão base: 500 kV
SOC inicial: 1643124120
SOC final: 1643124179
Taxa: 1 fasores/s
Total de frames faltantes: - 

Tempo_(SOC)           VA_mod_(V)     VA_ang_(graus)     VB_mod_(V)     VB_ang_(graus)     VC_mod_(V)     VC_ang_(graus)     IA_mod_(A)     IA_ang_(graus)     IB_mod_(A)     IB_ang_(graus)     IC_mod_(A)     IC_ang_(graus)     Frequência        Delta_Freq     Faltante
1643124120.0000    291354.000000        12.689500    292320.600000       132.605300    291868.800000      -107.192400       765.822900        37.537480       776.283000       158.042700       761.266700       -80.921760        59.973370         0.228802
1643124121.0000    291221.200000         3.578442    292217.700000       123.522000    291628.500000      -116.285600       768.735500        28.790400       775.936000       149.265300       763.044100       -89.945850        59.973330        -0.038851
1643124122.0000    291151.100000        -5.862484    292085.400000       114.025200    291771.200000      -125.762200       768.381700        19.339650       774.413900       139.844400       761.825000       -99.470600        59.974000        -0.136375
1643124123.0000    291378.800000       -15.875450    292440.200000       104.053700    291883.200000      -135.732200       765.916700         9.443192       772.258500       129.871400       760.057600      -109.354000        59.973210         0.067140
1643124124.0000    291425.100000       -26.066790    292457.600000        93.858760    291923.800000      -145.931200       764.571200        -0.683643       771.540200       119.630800       760.197400      -119.485200        59.972110         0.076333
1643124125.0000    291408.600000       -36.743900    292472.800000        83.170740    291977.500000      -156.608200       764.196700       -11.914240       773.986200       108.589700       759.957700      -130.444400        59.970860        -0.032885
1643124126.0000    291233.300000       -47.984320    292337.300000        71.957530    291696.700000      -167.830500       765.840800       -22.964360       775.555100        97.553250       761.280000      -141.509900        59.967200        -0.063525
1643124127.0000    291351.000000       -59.514930    292446.800000        60.383930    292010.500000      -179.383400       768.826000       -34.497740       773.272400        85.748980       764.076500      -153.505100        59.967210         0.120286
1643124128.0000    291436.600000       -70.751500    292291.100000        49.170600    291857.300000       169.350600       765.278700       -45.805890       775.077800        74.695410       760.446300      -164.368800        59.968860        -0.222723
1643124129.0000    291377.000000       -82.227860    292439.900000        37.698670    291889.100000       157.911800       768.792500       -57.503690       778.405000        63.011480       763.595800      -176.047400        59.969470         0.215940
1643124130.0000    291483.800000       -93.610230    292527.300000        26.333140    291904.800000       146.534000       766.225400       -68.244710       773.609500        52.073910       762.196400       172.972500        59.972290         0.215134
1643124131.0000    291057.300000      -105.222000    292098.700000        14.719050    291497.400000       134.922300       766.378100       -80.271290       775.724700        40.271750       761.144000       161.207900        59.964580        -0.277090
1643124132.0000    291082.700000      -117.542500    292199.200000         2.402098    291548.400000       122.616200       764.355700       -92.584250       775.821700        27.858690       761.322400       148.942600        59.963840        -0.188111
1643124133.0000    291321.900000      -130.422300    292352.500000       -10.507810    291872.500000       109.707300       767.961300      -105.693100       775.486600        14.984770       759.358600       135.674900        59.962130        -0.181553
1643124134.0000    291023.300000      -144.024000    292233.600000       -24.078710    291526.000000        96.152100       764.234300      -118.987700       775.117100         1.367400       761.809600       122.456200        59.960090        -0.025694
1643124135.0000    291286.300000      -158.275100    292357.600000       -38.367560    291885.200000        81.856910       766.115800      -133.151000       774.560700       -12.690910       760.756100       108.158500        59.959750         0.017807
1643124136.0000    291156.200000      -172.707800    292272.700000       -52.793150    291758.600000        67.434300       768.420700      -147.517700       775.010600       -27.120370       763.140400        93.686680        59.960080        -0.162338
1643124137.0000    291261.700000       173.237100    292269.800000       -66.843290    291774.900000        53.361580       767.321400      -161.874500       775.543500       -41.490320       762.960200        79.405600        59.962530         0.001527
1643124138.0000    291352.100000       159.784700    292418.600000       -80.280270    291822.200000        39.930830       768.505500      -174.975900       775.278300       -54.655800       764.465300        66.187180        59.965320         0.048206
1643124139.0000    291262.300000       147.035200    292312.600000       -93.042130    291787.400000        27.172100       767.022900       171.798300       776.289700       -67.686690       761.858500        53.237410        59.967580         0.242906
1643124140.0000    291232.400000       134.442000    292253.900000      -105.629500    291713.300000        14.574940       768.526000       159.574700       776.013700       -79.971240       762.666300        40.847240        59.966700         0.172090
1643124141.0000    291151.800000       122.435400    292311.000000      -117.658400    291799.500000         2.581827       767.464800       147.184800       775.291000       -92.512280       763.839700        28.408570        59.967910        -0.082322
1643124142.0000    291331.800000       110.682100    292312.600000      -129.405000    291861.800000        -9.196863       767.675000       135.313900       776.970600      -104.086600       761.354600        16.779050        59.968490         0.000401
1643124143.0000    291385.300000        99.515660    292405.500000      -140.565400    291905.400000       -20.355160       769.713800       124.424600       776.724900      -115.067600       763.424100         5.723865        59.968620        -0.062093
1643124144.0000    291229.400000        89.013870    292289.800000      -151.093000    291903.800000       -30.862790       768.559600       114.207800       774.941800      -125.369500       762.646200        -4.618504        59.971520         0.126880
1643124145.0000    291145.500000        78.893590    292154.800000      -161.205300    291750.300000       -40.984830       769.850100       103.899500       774.623100      -135.682800       763.588700       -15.002160        59.971930         0.148548
1643124146.0000    291047.200000        69.230450    291933.600000      -170.887400    291667.200000       -50.681330       769.940100        94.189320       775.464400      -145.299800       762.804600       -24.613920        59.976170         0.435619
1643124147.0000    291276.500000        59.654790    292347.100000       179.559900    291889.700000       -60.215710       768.269100        84.570530       775.271300      -155.008600       762.858500       -34.148960        59.972870        -0.051819
1643124148.0000    291102.700000        50.229340    292139.700000       170.111800    291799.100000       -69.656820       765.809100        75.205250       773.148700      -164.331700       760.067300       -43.495210        59.973290        -0.348794
1643124149.0000    291159.100000        41.182140    292241.200000       161.085100    291786.900000       -78.686890       765.645900        66.156780       773.860400      -173.413400       760.638400       -52.553730        59.975490         0.113490
1643124150.0000    291359.600000        32.717600    292369.400000       152.620900    291956.000000       -87.162960       767.889000        57.496220       776.652200       177.867600       763.638800       -61.154240        59.978080        -0.018681
1643124151.0000    291385.500000        25.179170    292420.900000       145.091600    291940.200000       -94.691390       768.996800        50.036480       775.748200       170.498000       763.471400       -68.711610        59.981490         0.041926
1643124152.0000    291315.200000        18.178950    292374.800000       138.095200    291879.400000      -101.686400       767.816800        43.322560       774.767900       163.750100       762.485200       -75.429440        59.981860         0.085818
1643124153.0000    291164.900000        11.723930    292226.800000       131.674600    291571.800000      -108.123600       767.543000        36.833310       776.560500       157.324600       762.209200       -81.799420        59.983610         0.113641
1643124154.0000    291283.400000         5.872478    292351.800000       125.785300    291851.600000      -113.989100       763.943300        30.705110       774.282100       151.160500       759.721300       -87.826640        59.982570        -0.412186
1643124155.0000    291347.500000         0.828489    292326.900000       120.738200    291884.900000      -119.054200       767.925700        25.732890       776.245100       146.256400       762.185400       -92.873110        59.987490         0.034039
1643124156.0000    291334.100000        -3.416824    292358.000000       116.508000    291823.300000      -123.284900       764.878400        21.853500       771.722700       142.375300       758.257300       -96.846450        59.986380        -0.204135
1643124157.0000    291438.300000        -7.299648    292393.900000       112.612900    291954.300000      -127.185900       766.533800        17.797560       773.872600       138.321800       760.016700      -100.890400        59.991300         0.139986
1643124158.0000    291370.800000       -10.694230    292378.300000       109.221100    291909.700000      -130.569500       767.502900        14.289590       774.901600       134.751100       761.712100      -104.419700        59.993090        -0.104609
1643124159.0000    291486.500000       -13.120020    292579.200000       106.818500    291964.900000      -132.965900       764.474000        11.674040       771.050700       131.973900       760.444500      -107.162200        59.993430        -0.082055
1643124160.0000    291465.600000       -14.889550    292493.300000       105.031600    291976.500000      -134.758700       766.752300         9.948580       775.268600       130.470200       760.886700      -108.682500        59.995590        -0.039285
1643124161.0000    291304.600000       -15.845490    292269.900000       104.079200    291767.200000      -135.721600       765.055900         9.140849       773.528700       129.595000       759.676700      -109.503700        59.997140        -0.229136
1643124162.0000    291344.400000       -16.380390    292318.100000       103.563400    291744.200000      -136.245800       764.842700         8.239638       775.207300       128.832300       759.372300      -110.209600        59.996650        -0.280005
1643124163.0000    291051.300000       -16.496840    292115.700000       103.440200    291520.800000      -136.350300       763.528700         8.249364       774.530000       128.594400       761.212900      -110.318800        59.998650        -0.201129
1643124164.0000    291264.100000       -16.485590    292371.000000       103.414100    291920.100000      -136.351600       764.959500         8.180690       772.721900       128.798800       757.636100      -110.448800        59.998520        -0.171996
1643124165.0000    291292.400000       -16.496660    292387.200000       103.412400    291895.100000      -136.359700       766.113600         8.333269       771.439300       128.909700       757.885000      -110.440200        59.997890        -0.075977
1643124166.0000    291270.300000       -16.881840    292247.600000       103.042700    291756.400000      -136.756700       765.973800         7.931375       772.957400       128.313700       761.297100      -110.861500        59.998680         0.462557
1643124167.0000    291227.100000       -17.856710    292320.400000       102.062900    291790.700000      -137.711300       767.466100         6.749351       774.420700       127.359500       759.863500      -111.907100        59.997480         0.004601
1643124168.0000    291437.400000       -19.036870    292493.900000       100.877000    292007.900000      -138.900700       765.846300         5.591203       772.637100       126.334300       756.416500      -113.011100        59.996510        -0.155503
1643124169.0000    291377.300000       -20.969520    292479.100000        98.956080    291920.700000      -140.820400       766.476100         3.715690       772.089200       124.110300       760.509300      -115.182500        59.994840         0.222733
1643124170.0000    291220.800000       -23.523130    292290.300000        96.400660    291756.800000      -143.380200       764.705800         1.533874       772.592300       121.885100       760.657200      -117.241900        59.990060         0.018341
1643124171.0000    291155.600000       -26.736970    292268.200000        93.192310    291683.400000      -146.585900       766.049700        -1.886904       774.929600       118.556500       761.389200      -120.553700        59.989940        -0.080783
1643124172.0000    291234.900000       -30.654440    292375.500000        89.264050    291826.400000      -150.505100       766.089100        -5.914992       774.572700       114.436700       762.642600      -124.624200        59.989120         0.142416
1643124173.0000    291226.100000       -35.458200    292252.200000        84.492390    291617.800000      -155.312700       764.422700       -10.631610       774.381800       109.799600       760.497100      -129.231900        59.984210        -0.072033
1643124174.0000    291150.300000       -41.345040    292170.100000        78.588910    291618.300000      -161.206900       765.052700       -16.675400       775.565900       103.736200       761.858300      -135.218800        59.981740        -0.075999
1643124175.0000    291186.000000       -47.942570    292225.300000        71.994310    291642.100000      -167.799400       767.365700       -23.122110       775.102200        97.287230       762.490200      -141.830300        59.980160        -0.063100
1643124176.0000    291127.000000       -55.436680    292115.300000        64.521770    291464.500000      -175.290700       766.528000       -30.597360       774.787000        89.753700       762.502800      -149.303400        59.978280        -0.239341
1643124177.0000    291262.200000       -63.189830    292302.500000        56.720460    291832.000000       176.941300       766.034100       -38.357390       773.819600        82.078410       761.416800      -157.055500        59.977720        -0.056759
1643124178.0000    291185.000000       -71.188820    292095.400000        48.728520    291659.900000       168.922700       765.725200       -46.617820       775.257800        73.972080       760.346500      -165.095400        59.980810         0.526453
1643124179.0000    291163.800000       -79.987210    292222.100000        39.957090    291590.300000       160.163200       766.650500       -55.288020       775.666600        65.184400       761.845800      -173.913100        59.975190         0.059965
