Terminal: LT 765  TIJUCO PRETO - ITABERA C2
Tensão base: 765 kV
SOC inicial: 1643124120
SOC final: 1643124179
Taxa: 1 fasores/s
Total de frames faltantes: - 

Tempo_(SOC)           VA_mod_(V)     VA_ang_(graus)     VB_mod_(V)     VB_ang_(graus)     VC_mod_(V)     VC_ang_(graus)     IA_mod_(A)     IA_ang_(graus)     IB_mod_(A)     IB_ang_(graus)     IC_mod_(A)     IC_ang_(graus)     Frequência        Delta_Freq     Faltante
1643124120.0000    464730.800000        11.984980    431192.300000       132.079300    386268.500000      -107.955400       466.892800       142.877900       475.271000       -94.297970       467.007800        24.612960        59.975260         0.223960
1643124121.0000    464646.800000         2.874836    431041.500000       123.022400    385866.400000      -117.048100       467.824600       133.784700       475.406900      -103.546400       468.525500        15.356580        59.972630        -0.220386
1643124122.0000    464445.900000        -6.542372    430741.500000       113.527000    386102.600000      -126.516700       467.770600       124.399300       476.921000      -112.699700       467.544300         6.261558        59.971890        -0.416812
1643124123.0000    464920.700000       -16.556490    431358.600000       103.577800    386193.300000      -136.478000       467.629900       114.687100       475.274000      -122.530900       467.697700        -3.709894        59.971690        -0.252979
1643124124.0000    464971.800000       -26.739010    431350.800000        93.374420    386340.100000      -146.677100       467.472100       104.444000       475.504300      -132.761000       467.603500       -13.836500        59.972420         0.003140
1643124125.0000    464809.700000       -37.436230    431338.400000        82.664210    386346.500000      -157.365700       466.600700        93.710170       474.683800      -143.457400       466.251800       -24.601300        59.970060        -0.172437
1643124126.0000    464513.100000       -48.685590    431110.300000        71.454700    385884.400000      -168.588700       468.137500        82.387050       475.288900      -154.848600       467.839500       -36.023390        59.968130         0.175257
1643124127.0000    464835.300000       -60.211220    431303.100000        59.879260    386391.100000       179.847500       465.823800        70.614680       473.929800      -166.457500       464.970200       -47.614200        59.967620         0.064733
1643124128.0000    464880.000000       -71.437030    431074.200000        48.669270    386209.400000       168.598900       467.317700        59.619980       476.323000      -177.689400       468.870900       -58.674760        59.968010        -0.268607
1643124129.0000    464763.600000       -82.952170    431302.700000        37.169990    386180.500000       157.130500       466.041700        47.911970       473.652800       170.713900       465.971900       -70.451880        59.968420         0.072874
1643124130.0000    465061.800000       -94.296130    431468.000000        25.837600    386319.400000       145.780200       467.248500        36.717540       474.755200       159.512600       467.371900       -81.627590        59.970690         0.034226
1643124131.0000    464312.300000      -105.930500    430861.400000        14.199980    385738.500000       134.154700       468.654100        25.142060       475.962400       147.915600       468.356800       -93.251840        59.964710        -0.120081
1643124132.0000    464240.300000      -118.231300    430904.800000         1.885652    385813.300000       121.858000       468.515900        12.826700       476.111500       135.678100       468.329100      -105.538700        59.964930        -0.084815
1643124133.0000    464526.500000      -131.117700    431081.800000       -11.003850    386022.100000       108.962400       466.320400        -0.268089       474.531300       122.575000       466.273400      -118.524900        59.964370        -0.011340
1643124134.0000    464205.600000      -144.711000    430961.500000       -24.575230    385714.000000        95.398750       468.505900       -13.600350       474.888200       109.151900       468.250200      -132.147900        59.960260        -0.036050
1643124135.0000    464646.700000      -158.951800    431212.000000       -38.848350    386205.800000        81.123510       467.085600       -27.951140       474.542600        94.848090       466.281900      -146.286000        59.960600         0.094229
1643124136.0000    464603.700000      -173.394800    431222.800000       -53.287770    386167.300000        66.687680       466.669800       -42.616520       474.333600        80.283110       465.822600      -160.902000        59.958520        -0.300548
1643124137.0000    464654.600000       172.522100    431065.200000       -67.351040    385990.500000        52.591510       467.484700       -56.663880       474.973000        66.065230       468.021400      -175.080800        59.961520         0.079299
1643124138.0000    464972.400000       159.096600    431385.100000       -80.785160    386331.600000        39.163330       466.840500       -70.128280       474.494800        52.670340       466.649600       171.522100        59.965050        -0.150315
1643124139.0000    464541.600000       146.330400    431101.700000       -93.546950    385998.300000        26.413730       468.380300       -82.782650       476.015300        39.964340       468.535500       158.792900        59.968730         0.201372
1643124140.0000    464685.400000       133.745500    431140.300000      -106.126700    386026.300000        13.820420       467.402500       -95.404200       475.481900        27.336090       468.008600       146.238300        59.967170         0.002722
1643124141.0000    464404.800000       121.725200    431086.600000      -118.172000    386023.300000         1.812100       468.655900      -107.500600       475.728400        15.349770       467.612500       134.124500        59.965890        -0.153365
1643124142.0000    464708.100000       109.967000    431165.300000      -129.913100    386096.500000        -9.961019       466.716600      -119.168900       474.424700         3.553210       467.010500       122.478100        59.967500         0.004126
1643124143.0000    464966.200000        98.814130    431321.200000      -141.067000    386288.000000       -21.123840       466.623000      -130.403300       474.735400        -7.619528       466.610000       111.304000        59.970670         0.110806
1643124144.0000    464745.300000        88.310260    431223.600000      -151.593100    386281.000000       -31.626690       467.414100      -140.886800       475.712000       -18.003880       467.345700       100.801300        59.971810         0.097791
1643124145.0000    464547.200000        78.174920    430969.100000      -161.720600    386033.600000       -41.765350       467.780200      -151.115500       475.471600       -28.304930       467.556700        90.528950        59.973830         0.355922
1643124146.0000    464358.600000        68.522940    430687.700000      -171.395500    385959.700000       -51.442780       468.925100      -160.753600       477.691700       -37.906750       468.664900        81.017470        59.975380         0.166811
1643124147.0000    464747.800000        58.961910    431187.200000       179.060300    386252.200000       -60.977190       467.044200      -170.174500       474.881300       -47.327800       467.036400        71.564010        59.973120        -0.069903
1643124148.0000    464391.400000        49.547210    430936.300000       169.617000    386159.700000       -70.397470       468.712500      -179.610300       477.394200       -56.685830       467.939500        62.236430        59.973710        -0.263595
1643124149.0000    464499.800000        40.498330    431054.600000       160.596000    386090.500000       -79.430600       468.991600       171.457400       476.577100       -65.726880       468.612800        53.076180        59.974980         0.077058
1643124150.0000    464862.300000        32.021400    431261.100000       152.114600    386362.800000       -87.925510       466.546200       162.708600       474.723000       -74.469580       466.673000        44.423730        59.977850         0.068265
1643124151.0000    465001.800000        24.473290    431323.000000       144.591200    386303.300000       -95.468770       467.052000       155.294200       475.047700       -81.985060       467.699100        36.965170        59.981490         0.089539
1643124152.0000    465011.000000        17.497080    431464.900000       137.608000    386419.800000      -102.433800       467.241100       148.312100       475.130200       -88.840940       466.929200        30.024930        59.981410         0.000183
1643124153.0000    464612.500000        11.028510    431100.600000       131.175300    385873.100000      -108.884600       469.270600       142.008600       476.790200       -95.313510       469.836900        23.598250        59.981820        -0.111212
1643124154.0000    464577.900000         5.188662    431194.200000       125.292800    386156.000000      -114.730300       469.613500       136.147100       477.040600      -101.010800       468.881300        17.814840        59.981440        -0.181122
1643124155.0000    464820.400000         0.150910    431174.400000       120.248700    386285.800000      -119.799000       467.913100       130.916000       476.180800      -106.304000       467.745700        12.639820        59.988510         0.080523
1643124156.0000    464941.800000        -4.067287    431326.400000       116.050400    386287.800000      -124.003600       469.554400       127.126100       477.839400      -110.090300       469.823800         8.785418        59.988960         0.160848
1643124157.0000    465024.600000        -7.975397    431366.400000       112.134500    386391.600000      -127.921000       468.305800       123.103100       476.804600      -114.080000       468.529800         4.790182        59.992000         0.221603
1643124158.0000    464919.000000       -11.370000    431283.800000       108.736900    386327.900000      -131.313600       468.375900       119.496700       476.464400      -117.694200       468.624200         1.200171        59.991860        -0.178156
1643124159.0000    464923.300000       -13.798580    431358.600000       106.334700    386219.400000      -133.721500       468.576600       117.284200       476.456700      -119.966100       469.125700        -1.074887        59.993840        -0.019539
1643124160.0000    464976.200000       -15.558240    431418.800000       104.552200    386393.200000      -135.492300       468.214700       115.387600       476.105400      -121.782900       468.307000        -2.938874        59.995620        -0.076375
1643124161.0000    464734.200000       -16.505620    431106.200000       103.609900    386129.600000      -136.447400       469.755100       114.622700       478.472900      -122.618900       470.260000        -3.674130        59.998170        -0.005802
1643124162.0000    464707.300000       -17.061440    431191.000000       103.064800    386088.900000      -136.984600       469.085500       113.993300       476.766100      -123.253300       469.280600        -4.355471        59.998390        -0.041185
1643124163.0000    464199.000000       -17.170310    430762.200000       102.933600    385812.800000      -137.100100       471.291000       113.926000       479.244100      -123.261500       471.099400        -4.428906        60.000490        -0.037712
1643124164.0000    464554.700000       -17.163440    431108.900000       102.942400    386114.600000      -137.092100       469.609900       113.965300       478.031400      -123.211600       469.612400        -4.355598        59.999710         0.037868
1643124165.0000    464496.100000       -17.174690    431043.800000       102.939200    386013.200000      -137.098700       469.972400       114.041100       478.690300      -123.161000       470.575900        -4.314703        59.998410        -0.007053
1643124166.0000    464466.500000       -17.551760    430819.900000       102.564100    385885.400000      -137.496000       469.116300       113.618700       477.791800      -123.678500       469.811200        -4.712227        59.997360         0.002138
1643124167.0000    464321.400000       -18.555180    430999.700000       101.571500    385850.100000      -138.459200       469.368400       112.452000       476.801900      -124.767300       469.539900        -5.886658        59.996570        -0.081626
1643124168.0000    464677.900000       -19.711080    431293.000000       100.405200    386190.600000      -139.623300       468.618800       111.552200       476.471600      -125.622500       468.190600        -6.807282        59.995920         0.001754
1643124169.0000    464646.000000       -21.651820    431158.500000        98.478200    386032.900000      -141.570200       468.521900       109.516200       475.722700      -127.662900       468.021200        -8.874139        59.995090         0.127847
1643124170.0000    464427.300000       -24.185690    430907.200000        95.933890    385885.300000      -144.114100       469.882800       107.073100       477.642600      -130.131900       469.803900       -11.319790        59.991250         0.051170
1643124171.0000    464228.100000       -27.427500    430878.400000        92.708080    385702.600000      -147.330700       470.406100       103.714100       477.686700      -133.482000       470.280000       -14.725680        59.989660        -0.103424
1643124172.0000    464401.800000       -31.335980    430990.800000        88.780750    385937.300000      -151.254300       469.151700        99.865810       477.134100      -137.302500       469.097300       -18.485150        59.987840        -0.140867
1643124173.0000    464374.800000       -36.136780    430881.700000        84.009050    385707.200000      -156.050600       470.447700        95.239170       477.801400      -142.096400       471.203000       -23.227500        59.983920        -0.092792
1643124174.0000    464162.300000       -42.028570    430680.000000        78.083370    385715.700000      -161.958900       469.500100        89.118420       477.365100      -148.104400       469.824900       -29.199880        59.982320         0.134888
1643124175.0000    464251.200000       -48.631340    430799.800000        71.492010    385736.300000      -168.551300       469.582400        82.484490       477.579300      -154.740200       469.631400       -35.849380        59.978900        -0.086035
1643124176.0000    464326.100000       -56.111390    430695.400000        64.028140    385623.900000      -176.043300       469.242900        75.009930       477.039600      -162.289100       469.865200       -43.364050        59.976580        -0.287793
1643124177.0000    464473.700000       -63.854320    431062.500000        56.242130    386102.900000       176.219500       469.027000        67.207250       477.002200      -169.926800       468.290100       -51.079510        59.977600        -0.264132
1643124178.0000    464343.400000       -71.857290    430723.300000        48.254810    385803.300000       168.197500       469.617200        59.239110       478.149000      -178.018600       470.328600       -59.074450        59.980550         0.357158
1643124179.0000    464360.300000       -80.654560    430891.600000        39.483850    385739.700000       159.431500       469.124900        50.474200       476.535400       173.182100       469.410900       -67.972150        59.975420         0.088237
