Terminal: SPALP_440_LTSPMRD_1
Tensão base: 440 kV
SOC inicial: 1643124120
SOC final: 1643124179
Taxa: 1 fasores/s
Total de frames faltantes: - 

Tempo_(SOC)           VA_mod_(V)     VA_ang_(graus)     VB_mod_(V)     VB_ang_(graus)     VC_mod_(V)     VC_ang_(graus)     IA_mod_(A)     IA_ang_(graus)     IB_mod_(A)     IB_ang_(graus)     IC_mod_(A)     IC_ang_(graus)     Frequência        Delta_Freq     Faltante
1643124120.0000    258567.900000       -89.793580    259262.200000       150.186500    258919.600000        30.086790       331.726300       103.059200       355.459800       -17.847070       338.655200      -141.821700        59.974430         0.002540
1643124121.0000    258526.400000       -98.897400    259266.000000       141.086100    258912.900000        20.975950       331.969500        93.949560       355.716200       -26.995080       338.843900      -150.885700        59.974750        -0.026078
1643124122.0000    258526.700000      -108.337500    259199.800000       131.646700    258883.700000        11.548860       331.112700        84.462610       354.996500       -36.432640       337.935900      -160.327700        59.973080        -0.016971
1643124123.0000    258571.300000      -118.338500    259301.600000       121.635700    258916.400000         1.531725       330.846100        74.549450       354.618200       -46.423420       337.609600      -170.316300        59.972740        -0.014687
1643124124.0000    258582.000000      -128.529900    259293.700000       111.449200    258938.200000        -8.653638       330.525700        64.309340       354.232600       -56.582690       337.395700       179.503300        59.971600         0.018239
1643124125.0000    258546.200000      -139.245700    259237.000000       100.726800    258865.800000       -19.368470       330.958100        53.585880       354.985600       -67.337590       337.847000       168.768700        59.969790        -0.005085
1643124126.0000    258522.000000      -150.444400    259248.200000        89.528820    258863.300000       -30.573670       332.132800        42.364560       355.242100       -78.542520       338.652600       157.556100        59.968370         0.004304
1643124127.0000    258584.000000      -162.048000    259264.000000        77.927850    258911.700000       -42.167210       331.580900        30.739850       355.253300       -90.098070       338.466600       145.955000        59.968040         0.013131
1643124128.0000    258597.800000      -173.281900    259269.200000        66.705830    258966.100000       -53.393260       330.813100        19.562270       354.335000      -101.298200       337.695600       134.783000        59.969150        -0.009761
1643124129.0000    258604.900000       175.252700    259310.400000        55.224900    258930.700000       -64.873150       331.896700         8.073845       355.326100      -112.879800       338.660800       123.232100        59.968440         0.071107
1643124130.0000    258615.800000       163.865700    259361.300000        43.846650    258995.300000       -76.263250       330.758100        -3.300744       354.638800      -124.219500       337.398200       111.828100        59.969620        -0.021075
1643124131.0000    258432.100000       152.299500    259185.400000        32.273930    258790.100000       -87.834530       331.304600       -14.905190       354.863700      -135.752000       337.669500       100.323300        59.965610        -0.059350
1643124132.0000    258478.300000       139.994700    259218.500000        19.966780    258821.600000      -100.137700       331.069700       -27.206950       354.713600      -148.196300       337.665900        87.880240        59.964830         0.005215
1643124133.0000    258534.100000       127.051600    259250.100000         7.020775    258853.600000      -113.077700       331.276100       -40.196360       354.462900      -161.097200       337.622300        74.947300        59.963490        -0.013693
1643124134.0000    258464.400000       113.523100    259189.200000        -6.510212    258778.600000      -126.609300       331.459000       -53.693190       354.886500      -174.577300       337.862800        61.475600        59.961200         0.008771
1643124135.0000    258557.600000        99.211240    259236.700000       -20.817260    258867.800000      -140.910000       330.643400       -67.995400       354.260000       171.095100       337.476100        47.132190        59.959730         0.017478
1643124136.0000    258545.600000        84.744130    259245.800000       -35.283950    258867.700000      -155.380700       331.424800       -82.426540       355.041000       156.617400       338.029500        32.704350        59.960270        -0.032292
1643124137.0000    258577.800000        70.678120    259277.800000       -49.346950    258912.300000      -169.445000       331.427000       -96.548820       355.397600       142.577300       338.489500        18.593090        59.962010        -0.001796
1643124138.0000    258610.800000        57.263900    259329.600000       -62.761750    258951.900000       177.136900       331.761400      -109.890900       355.025300       129.210400       338.085200         5.212626        59.963500        -0.001774
1643124139.0000    258631.800000        44.510610    259310.500000       -75.516530    258944.800000       164.390500       331.188300      -122.686800       354.746100       116.368000       337.506100        -7.551220        59.965510         0.032078
1643124140.0000    258594.100000        31.915990    259292.400000       -88.106100    258939.700000       151.794800       331.890600      -135.282400       355.461200       103.799300       338.535600       -20.154500        59.966260         0.023910
1643124141.0000    258611.200000        19.909930    259263.900000      -100.123800    258887.500000       139.791900       331.696000      -147.298800       355.658900        91.844000       338.646300       -32.148550        59.967930         0.008382
1643124142.0000    258587.800000         8.146076    259272.900000      -111.878100    258917.700000       128.026300       332.224300      -159.097800       356.246900        80.026880       339.076000       -43.898830        59.968090         0.013615
1643124143.0000    258611.000000        -3.020672    259310.400000      -123.046800    258940.500000       116.855900       331.843500      -170.239900       355.327100        68.889660       338.326600       -55.008040        59.969570        -0.011889
1643124144.0000    258628.800000       -13.515590    259274.100000      -133.545300    258916.400000       106.369400       331.993600       179.268400       355.388300        58.452210       338.712200       -65.523480        59.972100         0.026021
1643124145.0000    258564.000000       -23.625280    259231.700000      -143.648100    258890.500000        96.258930       332.569400       169.187100       356.352200        48.290500       339.026300       -75.653900        59.972940         0.029859
1643124146.0000    258555.700000       -33.308760    259179.100000      -153.321600    258899.000000        86.588920       331.746100       159.528100       355.634800        38.663180       338.682600       -85.344170        59.974390         0.069025
1643124147.0000    258585.000000       -42.853180    259263.700000      -162.882500    258892.500000        77.025600       332.028400       149.935600       355.812300        29.035340       338.729900       -94.891780        59.973880        -0.022814
1643124148.0000    258571.800000       -52.289090    259214.800000      -172.316700    258868.300000        67.597330       331.817500       140.588700       355.180100        19.637590       338.526100      -104.241600        59.974860        -0.050226
1643124149.0000    258560.500000       -61.319700    259237.400000       178.652600    258874.800000        58.560360       332.152900       131.579500       355.885000        10.646020       338.966900      -113.324900        59.975780        -0.030587
1643124150.0000    258642.200000       -69.826500    259302.300000       170.145300    258945.900000        50.056190       332.841700       123.010400       356.413700         2.121071       339.298200      -121.792500        59.977750         0.005953
1643124151.0000    258646.600000       -77.337730    259322.600000       162.634700    258959.700000        42.542490       332.296800       115.464900       356.094800        -5.379694       339.126800      -129.352300        59.980390         0.006939
1643124152.0000    258607.500000       -84.331790    259305.600000       155.640800    258933.500000        35.544510       333.080300       108.499800       356.322400       -12.361720       339.382600      -136.267600        59.981300        -0.013587
1643124153.0000    258526.500000       -90.733220    259280.400000       149.238800    258877.300000        29.132060       333.197500       102.099900       356.557500       -18.837870       339.390000      -142.756700        59.982500        -0.005762
1643124154.0000    258605.500000       -96.648250    259284.000000       143.319500    258901.400000        23.229290       331.461300        96.207020       355.244700       -24.664780       338.013500      -148.648400        59.984890        -0.041042
1643124155.0000    258615.600000      -101.714500    259297.500000       138.261200    258944.200000        18.166330       332.049700        91.093150       355.773300       -29.775270       338.603400      -153.675500        59.987210         0.015235
1643124156.0000    258605.500000      -105.927100    259315.400000       134.047400    258942.800000        13.947440       331.127300        86.948910       354.739200       -33.963880       338.006200      -157.869900        59.989250         0.009113
1643124157.0000    258612.400000      -109.831200    259295.000000       130.148500    258957.100000        10.051250       331.612900        83.009030       355.243000       -37.871550       338.218100      -161.811600        59.990200         0.029937
1643124158.0000    258623.300000      -113.270200    259303.800000       126.705700    258952.200000         6.610660       331.145000        79.627560       355.007600       -41.325670       337.837100      -165.250200        59.993090        -0.044985
1643124159.0000    258603.500000      -115.633000    259328.100000       124.338600    258937.200000         4.237378       332.109500        77.237820       355.709100       -43.718960       338.877000      -167.658400        59.994290         0.002641
1643124160.0000    258629.700000      -117.426800    259326.100000       122.545300    258952.200000         2.449285       331.455800        75.467850       355.256300       -45.437390       337.951600      -169.402600        59.996170         0.002203
1643124161.0000    258565.500000      -118.322100    259263.600000       121.658200    258919.400000         1.557737       331.546400        74.585460       355.309100       -46.307680       338.456800      -170.274000        59.998230         0.009742
1643124162.0000    258532.800000      -118.878800    259266.300000       121.098400    258893.700000         0.992720       331.418200        74.008320       355.025500       -46.942280       337.893000      -170.892200        59.998600        -0.033993
1643124163.0000    258494.200000      -118.939800    259203.000000       121.034200    258830.800000         0.935038       332.125800        73.907240       355.759000       -47.025590       338.496300      -170.945600        60.000420        -0.001517
1643124164.0000    258573.000000      -118.977600    259251.600000       120.990400    258870.500000         0.899987       331.706000        73.911860       355.443000       -47.014100       338.388900      -170.831800        60.000530         0.000150
1643124165.0000    258556.100000      -118.978000    259262.600000       120.990400    258869.100000         0.893992       332.160500        73.908550       355.780500       -47.057670       338.939000      -170.946400        59.999970        -0.017352
1643124166.0000    258504.200000      -119.359100    259213.900000       120.619800    258858.300000         0.517711       332.176400        73.514690       355.635700       -47.434890       338.628500      -171.339600        59.998340         0.023761
1643124167.0000    258502.000000      -120.334800    259209.100000       119.638000    258831.000000        -0.460847       332.680500        72.513360       356.688100       -48.459880       339.451100      -172.360900        59.997770        -0.010988
1643124168.0000    258511.800000      -121.525100    259224.800000       118.444600    258831.900000        -1.653898       331.694600        71.327140       355.653900       -49.643120       338.603300      -173.506300        59.996610        -0.017727
1643124169.0000    258467.900000      -123.438000    259193.400000       116.536800    258814.200000        -3.566602       332.539000        69.396300       356.000500       -51.522090       339.018700      -175.444300        59.993490        -0.013417
1643124170.0000    258473.300000      -126.008800    259180.600000       113.967500    258815.600000        -6.132695       330.999600        66.901120       354.821100       -54.070790       337.631000      -177.995300        59.991880        -0.006228
1643124171.0000    258492.900000      -129.203500    259191.900000       110.767400    258810.600000        -9.328664       332.042300        63.646930       355.660500       -57.287870       338.477300       178.818100        59.990440        -0.010773
1643124172.0000    258519.000000      -133.121900    259203.500000       106.846400    258820.400000       -13.245850       331.391900        59.631520       355.161300       -61.257220       338.184800       174.814500        59.988980         0.003927
1643124173.0000    258434.600000      -137.879100    259165.600000       102.098100    258793.000000       -18.007360       332.390900        54.936590       356.430000       -65.962230       338.833700       170.019000        59.985540        -0.029222
1643124174.0000    258459.900000      -143.774600    259152.000000        96.200050    258788.600000       -23.896520       332.012600        49.021460       355.412900       -71.867010       338.664900       164.174300        59.982390        -0.001482
1643124175.0000    258471.300000      -150.396300    259190.500000        89.582340    258829.500000       -30.521660       332.794500        42.336870       356.687600       -78.521390       339.507800       157.498000        59.981050        -0.008071
1643124176.0000    258409.700000      -157.920200    259148.200000        82.061790    258790.800000       -38.047700       332.763400        34.886300       356.778700       -86.085690       339.521200       149.974300        59.978740        -0.052316
1643124177.0000    258532.300000      -165.688000    259214.100000        74.289520    258867.700000       -45.806720       333.060400        27.048560       356.566500       -93.837560       339.552900       142.217400        59.979050        -0.035516
1643124178.0000    258539.900000      -173.674700    259214.300000        66.305400    258881.400000       -53.790570       332.357300        19.034450       356.198500      -101.859100       339.121900       134.222000        59.978100         0.040920
1643124179.0000    258503.200000       177.566500    259232.100000        57.542290    258855.400000       -62.561650       333.569300        10.363200       357.110900      -110.612600       339.985700       125.547700        59.975420         0.007848
