Terminal: UFMA-PMU_Sao_Luiz_MA
Tensão base: 0.38 kV
SOC inicial: 1643124120
SOC final: 1643124179
Taxa: 1 fasores/s
Total de frames faltantes: - 

Tempo_(SOC)           VA_mod_(V)     VA_ang_(graus)     VB_mod_(V)     VB_ang_(graus)     VC_mod_(V)     VC_ang_(graus)     Frequência        Delta_Freq     Faltante
1643124120.0000       231.323400        -1.413727       232.087900      -121.711800       231.217900       118.792900        59.974110        -0.038910
1643124121.0000       231.438200       -10.418700       232.120700      -130.703600       231.157500       109.769800        59.974240        -0.015564
1643124122.0000       231.397100       -19.869550       232.077400      -140.121000       231.073100       100.304300        59.973650        -0.004349
1643124123.0000       231.492800       -29.827540       232.092800      -150.096800       231.075800        90.335560        59.971610         0.030212
1643124124.0000       231.643100       -40.230750       232.112000      -160.474000       231.058500        79.924300        59.970320        -0.034332
1643124125.0000       231.526700       -50.769890       232.056800      -171.039300       231.074500        69.395470        59.968730        -0.070038
1643124126.0000       231.506600       -61.939030       232.128900       177.794800       231.165400        58.245220        59.969370         0.016022
1643124127.0000       231.520500       -73.518810       232.131900       166.212600       231.135200        46.659340        59.965820        -0.079651
1643124128.0000       231.402300       -85.052310       232.042800       154.663900       231.049900        35.109520        59.969390        -0.017395
1643124129.0000       231.444200       -96.116580       232.102800       143.573900       231.112600        24.052400        59.969150        -0.009384
1643124130.0000       231.346500      -107.576500       232.088800       132.107400       231.127100        12.597180        59.967050        -0.041428
1643124131.0000       231.411000      -119.085400       232.058100       120.604800       231.098600         1.097189        59.968280         0.014191
1643124132.0000       231.410400      -131.028700       232.087200       108.678000       231.090400       -10.859140        59.965510        -0.017624
1643124133.0000       231.361200      -144.244200       231.975500        95.475680       230.985900       -24.079520        59.963250         0.083313
1643124134.0000       231.499700      -157.932700       232.102500        81.797780       231.129200       -37.780990        59.961720        -0.013962
1643124135.0000       231.481500      -172.024900       232.043500        67.699020       231.009000       -51.861950        59.961110         0.076675
1643124136.0000       231.509700       173.330000       232.160600        53.042400       231.158300       -66.519090        59.959330        -0.057220
1643124137.0000       231.623200       159.456000       232.171100        39.207520       231.059400       -80.393010        59.962470        -0.042343
1643124138.0000       231.474900       146.309600       232.103500        26.055740       231.065900       -93.540280        59.965050         0.015106
1643124139.0000       231.457900       133.389500       232.106200        13.117680       231.100300      -106.457100        59.964680         0.019455
1643124140.0000       231.456100       121.032500       232.049200         0.796258       231.001200      -118.823300        59.964810        -0.119934
1643124141.0000       231.397600       108.866700       232.034400       -11.384170       230.969800      -131.003800        59.965500        -0.117874
1643124142.0000       231.486300        97.260870       231.971300       -22.990100       230.972900      -142.596100        59.968980         0.047836
1643124143.0000       231.550700        85.960020       232.118500       -34.269840       231.039300      -153.884700        59.968590        -0.037537
1643124144.0000       231.496600        75.396190       232.069100       -44.868940       231.016600      -164.443100        59.971120        -0.006409
1643124145.0000       231.421200        65.522280       232.104500       -54.728790       231.040800      -174.322400        59.973590         0.009384
1643124146.0000       231.298400        55.812930       231.960700       -64.426280       231.079700       176.010600        59.972400        -0.088577
1643124147.0000       231.293800        46.354020       231.958600       -73.897190       230.952600       166.516200        59.972630        -0.010529
1643124148.0000       231.426600        36.814950       232.012000       -83.421210       230.984000       157.000000        59.973160        -0.038681
1643124149.0000       231.378200        27.624340       232.080900       -92.594020       231.017800       147.814200        59.975610        -0.002289
1643124150.0000       231.489000        19.107930       232.097100      -101.125300       230.968700       139.265900        59.977020        -0.036392
1643124151.0000       231.500400        11.406420       232.111400      -108.838300       231.088700       131.577800        59.979800        -0.046463
1643124152.0000       231.432500         4.620412       231.976200      -115.628500       230.910300       124.810400        59.982770         0.009384
1643124153.0000       231.411000        -1.875833       232.086300      -122.105300       231.050200       118.301700        59.981420        -0.052872
1643124154.0000       231.449900        -7.942223       232.102400      -128.174400       231.121700       112.247700        59.984790         0.001373
1643124155.0000       231.489500       -12.969330       232.092700      -133.208800       231.121500       107.209700        59.989190         0.095444
1643124156.0000       231.409200       -17.218140       232.092200      -137.481200       231.087100       102.933600        59.988200        -0.012817
1643124157.0000       231.336000       -20.923440       232.102700      -141.223400       231.121900        99.255710        59.991470         0.028152
1643124158.0000       231.518400       -24.520760       232.203600      -144.754800       231.147000        95.657460        59.990800        -0.015793
1643124159.0000       231.346500       -27.181870       231.976700      -147.368100       231.088800        93.019970        59.994030         0.048981
1643124160.0000       231.372800       -28.672020       232.049900      -148.917800       231.122600        91.530300        59.998540         0.010300
1643124161.0000       231.603400       -29.754140       232.139800      -149.962000       231.123800        90.426860        59.999150         0.067978
1643124162.0000       231.398800       -30.115300       232.211100      -150.351600       231.147000        90.036870        59.999030        -0.063629
1643124163.0000       231.478900       -30.102190       232.157400      -150.388100       231.138200        90.070430        59.999110        -0.068436
1643124164.0000       231.507400       -30.085710       232.138500      -150.321200       231.121000        90.070710        59.997910        -0.072556
1643124165.0000       231.600400       -30.413010       232.187700      -150.636100       231.078700        89.728770        59.997010        -0.069809
1643124166.0000       231.202900       -30.456690       232.277000      -150.837600       231.535000        89.724370        60.000790         0.039139
1643124167.0000       231.474200       -31.332210       232.261400      -151.581100       231.220400        88.826090        59.995140        -0.047836
1643124168.0000       231.400300       -33.105050       232.303700      -153.361500       231.203800        87.042270        59.994360        -0.029068
1643124169.0000       231.481000       -34.901180       232.264600      -155.169600       231.181200        85.270910        59.994930         0.010986
1643124170.0000       231.374300       -37.461870       232.211500      -157.754700       231.263400        82.707080        59.992010        -0.060883
1643124171.0000       231.517100       -40.579590       232.195000      -160.794800       231.064800        79.566840        59.991870         0.109406
1643124172.0000       231.508300       -44.404570       232.079000      -164.574400       231.070400        75.760890        59.986100        -0.064316
1643124173.0000       231.464900       -49.252430       232.185900      -169.489000       231.134800        70.893520        59.984760        -0.013275
1643124174.0000       231.400700       -54.882500       232.037100      -175.079500       230.961900        65.242330        59.980840        -0.026779
1643124175.0000       231.508300       -61.661160       232.169500       178.103800       231.097500        58.480450        59.980150         0.036163
1643124176.0000       231.410300       -69.176130       231.988900       170.510800       231.139000        50.947070        59.979300         0.026321
1643124177.0000       231.374200       -77.182960       232.018700       162.498300       231.127800        42.936850        59.976400        -0.034561
1643124178.0000       231.481300       -85.073720       231.969700       154.648200       231.107800        35.066850        59.977630        -0.005951
1643124179.0000       231.375400       -93.521100       231.917100       146.201100       230.945800        26.581360        59.974620         0.007553
