Terminal: UFT-PMU_Palmas_TO
Tensão base: 0.38 kV
SOC inicial: 1643124120
SOC final: 1643124179
Taxa: 1 fasores/s
Total de frames faltantes: - 

Tempo_(SOC)           VA_mod_(V)     VA_ang_(graus)     VB_mod_(V)     VB_ang_(graus)     VC_mod_(V)     VC_ang_(graus)     Frequência        Delta_Freq     Faltante
1643124120.0000       222.436400       -25.838470       221.705400      -146.124500       222.541000        93.605990        59.975430         0.026093
1643124121.0000       222.394200       -34.820720       221.627200      -155.116700       222.519500        84.617420        59.974270        -0.013275
1643124122.0000       222.393400       -44.271750       221.654300      -164.571700       222.508500        75.165060        59.974150         0.035477
1643124123.0000       222.397600       -54.274770       221.736500      -174.570300       222.541500        65.161550        59.971710         0.017853
1643124124.0000       222.450200       -64.648080       221.825900       175.071400       222.553400        54.779530        59.970830        -0.001373
1643124125.0000       222.388000       -75.244280       221.761200       164.476000       222.504700        44.185710        59.969700         0.021057
1643124126.0000       222.401100       -86.386520       221.729000       153.309600       222.548400        33.044220        59.966490        -0.037537
1643124127.0000       222.430800       -97.954950       221.718900       141.766900       222.339600        21.468690        59.966770        -0.037537
1643124128.0000       222.475200      -109.442000       221.823000       130.288700       222.491600         9.985518        59.968130        -0.024261
1643124129.0000       222.380800      -120.557300       221.743500       119.162000       222.540800        -1.124889        59.969870         0.033188
1643124130.0000       222.366600      -131.997400       221.660900       107.691500       222.487100       -12.567010        59.968220        -0.039368
1643124131.0000       222.345100      -143.547800       221.674200        96.153840       222.469800       -24.114240        59.967380        -0.005722
1643124132.0000       222.268000      -155.540200       221.628800        84.184250       222.385000       -36.110350        59.966110        -0.000229
1643124133.0000       222.334700      -168.725200       221.689300        70.998760       222.458400       -49.291450        59.963180         0.082626
1643124134.0000       222.344400       177.627000       221.698400        57.320870       222.513200       -62.945430        59.960650        -0.036163
1643124135.0000       222.248100       163.517100       221.581400        43.219420       222.374900       -77.055160        59.960110        -0.002289
1643124136.0000       222.420200       148.865900       221.775800        28.574380       222.559300       -91.704900        59.960030        -0.007324
1643124137.0000       222.324400       134.983100       221.627300        14.657030       222.487000      -105.592800        59.961780        -0.002518
1643124138.0000       222.178200       121.726900       221.709700         1.480466       222.432600      -118.745600        59.965000         0.035934
1643124139.0000       222.392500       108.895800       221.717700       -11.378540       222.548200      -131.661600        59.964960        -0.002060
1643124140.0000       222.258900        96.470760       221.604400       -23.798640       222.391400      -144.098400        59.965340         0.001602
1643124141.0000       222.334100        84.345440       221.649500       -35.917840       222.437600      -156.230400        59.964660        -0.083771
1643124142.0000       222.436500        72.666860       221.912400       -47.435320       222.064700      -167.854500        59.966260        -0.036850
1643124143.0000       222.482200        61.392110       221.941800       -58.744740       222.394300      -179.121600        59.969130         0.013275
1643124144.0000       222.434600        50.878150       221.935500       -69.232540       222.315400       170.363400        59.971250        -0.000687
1643124145.0000       222.364000        40.966600       221.869500       -79.150750       222.226900       160.455000        59.971910        -0.059052
1643124146.0000       222.504400        31.245140       221.852600       -88.870980       222.229400       150.708000        59.974480         0.039139
1643124147.0000       222.381800        21.758940       221.866400       -98.378970       222.280400       141.259400        59.972770         0.000000
1643124148.0000       222.495200        12.222300       222.012700      -107.906200       222.344500       131.715200        59.973260         0.004349
1643124149.0000       222.527400         3.099750       222.028400      -117.024300       222.360300       122.600400        59.975750        -0.009384
1643124150.0000       222.461500        -5.418200       221.927500      -125.568300       222.327300       114.076400        59.974700        -0.089264
1643124151.0000       222.412600       -13.078060       221.895300      -133.239900       222.276900       106.409500        59.979380        -0.000229
1643124152.0000       222.461300       -19.865300       221.889100      -140.035200       222.310000        99.627670        59.982040        -0.002747
1643124153.0000       222.496800       -26.312350       221.831900      -146.486700       222.234700        93.133260        59.980900        -0.010529
1643124154.0000       222.662100       -32.378120       222.002000      -152.557800       222.428900        87.077190        59.985200         0.039139
1643124155.0000       222.721200       -37.412480       222.053700      -157.584200       222.442800        82.042120        59.986420        -0.000229
1643124156.0000       222.638000       -41.701080       221.907300      -161.938600       222.425400        77.759700        59.988740        -0.037308
1643124157.0000       222.587600       -45.414810       221.827100      -165.671500       222.374500        74.051650        59.989100        -0.046692
1643124158.0000       222.595300       -48.997400       221.832600      -169.258200       222.416400        70.469280        59.990710        -0.045776
1643124159.0000       222.660800       -51.564580       221.879600      -171.818900       222.402600        67.882020        59.993190        -0.050812
1643124160.0000       222.666200       -53.121870       221.898700      -173.321600       222.115800        66.327320        59.996440        -0.015335
1643124161.0000       222.646100       -54.172160       221.926400      -174.409200       222.361500        65.265250        59.998300         0.018768
1643124162.0000       222.659000       -54.587780       221.880900      -174.842600       222.447800        64.896290        60.000610         0.019226
1643124163.0000       222.673200       -54.591840       221.909500      -174.841700       222.435500        64.879820        60.000770        -0.004578
1643124164.0000       222.748300       -54.578020       221.918700      -174.791100       222.360600        64.856980        59.999640         0.029526
1643124165.0000       222.703200       -54.840490       222.004700      -175.066600       222.470800        64.643540        59.999600         0.081711
1643124166.0000       222.552000       -54.964610       221.879200      -175.207700       222.427200        64.513930        60.000380         0.047150
1643124167.0000       222.517400       -55.810300       221.746200      -176.059000       222.356300        63.680580        59.996690         0.047150
1643124168.0000       222.510000       -57.580750       222.049500      -177.717900       222.418400        62.002670        59.995930         0.004120
1643124169.0000       222.680300       -59.299110       221.944000      -179.518700       222.459700        60.192520        59.994800         0.016479
1643124170.0000       222.740300       -61.917580       221.963500       177.856400       222.524300        57.584040        59.992680        -0.006638
1643124171.0000       222.741500       -65.016170       221.896100       174.720200       222.559200        54.463770        59.991420         0.036621
1643124172.0000       222.648500       -68.872560       221.936200       170.911000       222.560000        50.694260        59.985810        -0.049210
1643124173.0000       222.642000       -73.715120       221.965500       166.066600       222.578600        45.850040        59.985450         0.032730
1643124174.0000       222.531600       -79.295910       221.825800       160.455400       222.491000        40.254550        59.982230        -0.059967
1643124175.0000       222.604800       -86.063980       221.870100       153.662300       222.548000        33.486520        59.979710         0.017624
1643124176.0000       222.614200       -93.569790       221.932900       146.181400       222.533300        25.972220        59.979080         0.021057
1643124177.0000       222.701400      -101.586900       222.044600       138.189900       222.614900        17.960770        59.977170        -0.010986
1643124178.0000       222.819900      -109.468000       222.079300       130.341100       222.411500        10.085440        59.978680         0.050812
1643124179.0000       222.604400      -117.969500       221.945300       121.803200       222.527500         1.587601        59.974350        -0.028839
